geoid,countyfp,prc_nonengprof_final,prc_nonengprof_final_unreliable_flag,prc_caraccess_final,prc_caraccess_final_unreliable_flag,prcdisabled_final,prcdisabled_final_unreliable_flag,prc_pov_final,prc_pov_final_unreliable_flag,prc_youth_final,prc_youth_final_unreliable_flag,prc_asian,prc_asian_unreliable_flag,prc_black,prc_black_unreliable_flag,prc_latino,prc_latino_unreliable_flag,prc_native,prc_native_unreliable_flag,prc_white,prc_white_unreliable_flag,prc_centralamerican,prc_centralamerican_unreliable_flag,prc_cuban,prc_cuban_unreliable_flag,prc_dominican,prc_dominican_unreliable_flag,prc_mexican,prc_mexican_unreliable_flag,prc_puertorican,prc_puertorican_unreliable_flag,prc_southam,prc_southam_unreliable_flag,prc_asianindian,prc_asianindian_unreliable_flag,prc_chinese,prc_chinese_unreliable_flag,prc_filipino,prc_filipino_unreliable_flag,prc_japanese,prc_japanese_unreliable_flag,prc_korean,prc_korean_unreliable_flag,prc_vietnamese,prc_vietnamese_unreliable_flag,cvapdens,tot_elignonreg_prc_final,tot_elignonreg_prc_final_unreliable_flag,job_dens,pollvoter_dens,pop20,areakm,popdens,vbm_tot_2016,vbm_lat_2016,vbm_asn_2016,vbm_youth_2016,vbm_blk_2016,turnout_tot_2016,turnout_lat_2016,turnout_asn_2016,turnout_youth_2016,turnout_blk_2016,tot_elignonreg_prc_final_dup_flag_x,vbm_tot_2020,vbm_lat_2020,vbm_asn_2020,vbm_youth_2020,vbm_blk_2020,turnout_tot_2020,turnout_lat_2020,turnout_asn_2020,turnout_youth_2020,turnout_blk_2020,tot_elignonreg_prc_final_dup_flag_y
32031000103,31.0,0.04497,1.0,0.72533,0.0,0.18785,0.0,0.2153,0.0,0.10637,1.0,0.08315,0.0,0.02742,0.0,0.14909,0.0,0.02833,1.0,0.67605,0.0,2e-05,1.0,0.00306,1.0,0.0,1.0,0.11402,0.0,0.01645,1.0,0.01157,1.0,0.0,1.0,0.01401,1.0,0.03109,0.0,0.01949,1.0,0.00487,1.0,0.01187,1.0,0.00303,0.0,1.0,0.03394,0.00185,1190.0,0.87121,1365.91479,,,,,,,,,,,,0.60021,0.53626,0.72812,0.47176,0.46359,0.47465,0.42889,0.48122,0.37212,0.2926,0.0
32031000104,31.0,0.04496,1.0,0.72523,0.0,0.1879,0.0,0.21529,0.0,0.10637,1.0,0.08321,0.0,0.02743,0.0,0.14904,0.0,0.02835,1.0,0.67601,0.0,0.0,1.0,0.00305,1.0,0.0,1.0,0.11399,0.0,0.01646,1.0,0.01158,1.0,0.0,1.0,0.01402,1.0,0.03109,0.0,0.01951,1.0,0.00488,1.0,0.01189,1.0,0.0064,0.0,1.0,0.01742,0.00433,2611.0,0.557,4687.58285,,,,,,,,,,,,0.59351,0.48492,0.74569,0.60291,0.48889,0.5348,0.42081,0.62021,0.48035,0.37791,0.0
32031000105,31.0,0.07726,1.0,0.53684,0.0,0.25153,0.0,0.37974,0.0,0.07126,1.0,0.02342,0.0,0.08875,0.0,0.13857,0.0,0.03959,1.0,0.64896,0.0,0.01122,1.0,0.0,1.0,0.0,1.0,0.0805,0.0,0.00858,1.0,0.00759,1.0,0.0,1.0,0.00462,1.0,0.00924,1.0,0.00297,1.0,0.0,1.0,0.0,1.0,0.00645,0.0,1.0,0.01206,0.00332,2958.0,1.97471,1497.9417,,,,,,,,,,,,0.58152,0.5291,0.45883,0.36121,0.6531,0.30823,0.30137,0.53489,0.39697,0.285,0.0
32031000106,31.0,0.07726,1.0,0.53684,0.0,0.25153,0.0,0.37974,0.0,0.07126,1.0,0.02342,0.0,0.08875,0.0,0.13857,0.0,0.03959,1.0,0.64896,0.0,0.01122,1.0,0.0,1.0,0.0,1.0,0.0805,0.0,0.00858,1.0,0.00759,1.0,0.0,1.0,0.00462,1.0,0.00924,1.0,0.00297,1.0,0.0,1.0,0.0,1.0,0.00179,0.0,1.0,0.01751,0.00127,764.0,0.52081,1466.94222,,,,,,,,,,,,0.56849,0.41668,0.47847,0.45119,0.31783,0.41217,0.40988,0.50045,0.47346,0.34765,0.0
32031000201,31.0,0.21313,0.0,0.83683,0.0,0.13779,0.0,0.25,0.0,0.12237,1.0,0.02336,0.0,0.01489,1.0,0.49825,0.0,0.0111,1.0,0.40713,0.0,0.07739,1.0,0.0,1.0,0.0,1.0,0.40391,0.0,0.00759,1.0,0.00263,1.0,0.00701,1.0,0.0,1.0,0.02015,1.0,0.0,1.0,0.0,1.0,0.0,1.0,0.00562,0.0249,0.0,0.00527,0.00494,3350.0,1.07545,3114.98218,0.05406,0.01825,0.04034,0.01646,0.00278,0.61893,0.68248,0.60305,0.62294,0.33863,0.0,0.51728,0.46753,0.60026,0.35759,0.56778,0.64444,0.64329,0.64215,0.5642,0.45221,0.0
32031000202,31.0,0.05994,1.0,0.70552,0.0,0.1457,0.0,0.25347,0.0,0.08769,1.0,0.02846,0.0,0.03654,1.0,0.18577,0.0,0.03385,1.0,0.60038,0.0,0.0,1.0,0.0,1.0,0.0,1.0,0.15654,0.0,0.01538,1.0,0.0,1.0,0.0,1.0,0.00731,1.0,0.01308,1.0,0.0,1.0,0.00808,1.0,0.0,1.0,0.00647,0.0299,0.0,0.01259,0.0042,2709.0,0.8264,3278.08427,0.06884,0.02103,0.18724,0.0,0.05275,0.52426,0.55223,0.45744,0.51341,0.38784,0.0,0.58121,0.42606,0.51516,0.46361,0.57597,0.59114,0.51251,0.61687,0.51673,0.3969,0.0
32031000301,31.0,0.00356,1.0,0.9337,0.0,0.09213,0.0,0.12755,0.0,0.1218,1.0,0.03763,1.0,0.00201,1.0,0.11089,0.0,0.00575,1.0,0.82448,0.0,0.00287,1.0,0.00431,1.0,0.0,1.0,0.04826,1.0,0.01092,1.0,0.01637,1.0,0.01637,1.0,0.0,1.0,0.00862,1.0,0.00373,1.0,0.00517,1.0,0.0,1.0,0.00421,0.0,1.0,0.00632,0.00412,1690.0,0.68116,2481.04442,,,,,,,,,,,,0.53026,0.39542,0.43207,0.56794,0.47694,0.73912,0.62054,0.78038,0.67432,0.71563,0.0
32031000302,31.0,0.00356,1.0,0.9337,0.0,0.09213,0.0,0.12755,0.0,0.1218,1.0,0.03763,1.0,0.00201,1.0,0.11089,0.0,0.00575,1.0,0.82448,0.0,0.00287,1.0,0.00431,1.0,0.0,1.0,0.04826,1.0,0.01092,1.0,0.01637,1.0,0.01637,1.0,0.0,1.0,0.00862,1.0,0.00373,1.0,0.00517,1.0,0.0,1.0,0.00548,0.0,1.0,0.01034,0.00511,2144.0,0.8386,2556.63749,,,,,,,,,,,,0.52949,0.36638,0.47159,0.44057,0.49219,0.7098,0.64119,0.82245,0.6624,0.59891,0.0
32031000401,31.0,0.04448,1.0,0.95732,0.0,0.09749,1.0,0.04818,1.0,0.04781,1.0,0.00294,1.0,0.03825,1.0,0.06914,0.0,0.00809,1.0,0.8584,0.0,0.0,1.0,0.0,1.0,0.0,1.0,0.04671,0.0,0.0,1.0,0.00533,1.0,0.0,1.0,0.00294,1.0,0.0,1.0,0.0,1.0,0.0,1.0,0.0,1.0,0.00782,0.02982,0.0,0.00106,0.0069,2965.0,1.61432,1836.68806,,,,,,,,,,,,0.5665,0.47703,0.5318,0.55116,0.50628,0.79239,0.71778,0.69239,0.69462,0.57728,0.0
32031000402,31.0,0.04448,1.0,0.95732,0.0,0.09749,1.0,0.04818,1.0,0.04781,1.0,0.00294,1.0,0.03825,1.0,0.06914,0.0,0.00809,1.0,0.8584,0.0,0.0,1.0,0.0,1.0,0.0,1.0,0.04671,0.0,0.0,1.0,0.00533,1.0,0.0,1.0,0.00294,1.0,0.0,1.0,0.0,1.0,0.0,1.0,0.0,1.0,0.00625,0.0,1.0,0.00295,0.00617,2327.0,1.42409,1634.0276,,,,,,,,,,,,0.5571,0.56216,0.42742,0.59891,0.59064,0.83828,0.67715,0.85964,0.73271,0.67894,0.0
32031000701,31.0,0.09222,0.0,0.82324,0.0,0.13753,0.0,0.16718,0.0,0.11928,1.0,0.06993,0.0,0.02096,1.0,0.25781,0.0,0.02934,1.0,0.60614,0.0,0.01848,1.0,0.0,1.0,0.0,1.0,0.2178,0.0,0.00286,1.0,0.00877,1.0,0.00667,1.0,0.0,1.0,0.06059,0.0,0.00267,1.0,0.0,1.0,0.0,1.0,0.00539,0.10829,0.0,0.0089,0.00396,2601.0,0.97758,2660.66194,,,,,,,,,,,,0.54094,0.49379,0.38883,0.35807,0.59667,0.6557,0.64546,0.77381,0.55454,0.38551,0.0
32031000702,31.0,0.09222,0.0,0.82324,0.0,0.13753,0.0,0.16718,0.0,0.11928,1.0,0.06993,0.0,0.02096,1.0,0.25781,0.0,0.02934,1.0,0.60614,0.0,0.01848,1.0,0.0,1.0,0.0,1.0,0.2178,0.0,0.00286,1.0,0.00877,1.0,0.00667,1.0,0.0,1.0,0.06059,0.0,0.00267,1.0,0.0,1.0,0.0,1.0,0.00731,0.16324,0.0,0.03168,0.00439,3454.0,1.2984,2660.19567,,,,,,,,,,,,0.55492,0.5389,0.3383,0.36722,0.68366,0.59011,0.58819,0.6013,0.46939,0.48183,0.0
32031000900,31.0,0.37011,0.0,0.76384,0.0,0.23838,0.0,0.27634,0.0,0.06897,1.0,0.03563,0.0,0.02688,1.0,0.69139,0.0,0.00396,1.0,0.23109,0.0,0.04084,1.0,0.00021,1.0,0.0,1.0,0.60096,0.0,0.02313,1.0,0.00813,1.0,0.00771,1.0,0.0,1.0,0.01542,1.0,0.0,1.0,0.00354,1.0,0.0,1.0,0.00584,0.13149,0.0,0.00516,0.00325,5117.0,1.19726,4273.92259,0.0554,0.00767,0.0,0.0,0.0,0.46471,0.53159,0.48276,0.35835,0.26565,0.0,0.54302,0.45154,0.55551,0.42558,0.73684,0.46813,0.47844,0.51932,0.37174,0.25333,0.0
32031001005,31.0,0.0819,0.0,0.92292,0.0,0.09028,1.0,0.07659,0.0,0.06839,1.0,0.13579,0.0,0.03021,1.0,0.15239,0.0,0.01162,1.0,0.61786,0.0,0.0,1.0,0.00465,1.0,0.04482,1.0,0.08765,0.0,0.00365,1.0,0.00266,1.0,0.00963,1.0,0.02424,1.0,0.08367,1.0,0.00365,1.0,0.0093,1.0,0.0,1.0,0.00754,0.06072,0.0,0.0116,0.00676,3214.0,2.48039,1295.76651,0.07857,0.03931,0.04127,0.0,1e-05,0.708,0.62505,0.61174,0.56785,0.17105,0.0,0.5237,0.45799,0.59032,0.41926,0.35525,0.74442,0.59613,0.69424,0.60355,0.59576,0.0
32031001010,31.0,0.0065,1.0,0.95791,0.0,0.03038,1.0,0.03701,0.0,0.03732,1.0,0.01835,1.0,0.01132,1.0,0.08382,0.0,0.0,1.0,0.85867,0.0,0.00153,1.0,0.0,1.0,0.0,1.0,0.05812,0.0,0.00673,1.0,0.00336,1.0,0.0,1.0,0.0,1.0,0.00642,1.0,0.00704,1.0,0.00275,1.0,0.0,1.0,0.0084,0.0,1.0,0.00729,0.01236,4393.0,5.6007,784.36609,0.09391,0.0239,0.14958,0.13228,0.28161,0.80589,0.78253,0.77451,0.87127,0.57969,0.0,0.49657,0.45289,0.47322,0.47421,0.3191,0.80742,0.65811,0.67765,0.6996,0.73395,0.0
32031001011,31.0,0.02551,1.0,0.9827,0.0,0.06522,0.0,0.04675,0.0,0.02973,1.0,0.01702,1.0,0.00407,1.0,0.04014,1.0,0.00356,1.0,0.90422,0.0,0.0,1.0,0.00254,1.0,0.0,1.0,0.02795,1.0,0.0,1.0,0.0,1.0,0.00279,1.0,0.00813,1.0,0.00432,1.0,0.00178,1.0,0.0,1.0,0.0,1.0,0.00985,0.0,1.0,0.00247,0.01302,4149.0,7.49495,553.57279,0.09707,0.03952,0.02311,0.19116,0.0,0.84191,0.78807,0.793,0.85915,0.6163,0.0,0.48114,0.42336,0.42538,0.39897,0.2559,0.86709,0.75365,0.69492,0.76448,0.7092,0.0
32031001012,31.0,0.03133,1.0,0.99191,0.0,0.06883,0.0,0.12442,0.0,0.06275,1.0,0.05839,0.0,0.00403,1.0,0.08423,1.0,0.0057,1.0,0.79765,0.0,0.00503,1.0,0.0,1.0,0.0,1.0,0.06644,1.0,0.0,1.0,0.00336,1.0,0.0094,1.0,0.03087,1.0,0.00973,1.0,0.00839,1.0,0.0,1.0,0.0,1.0,0.00776,0.0,1.0,0.03301,0.01027,3375.0,10.84052,311.33199,0.10122,0.03384,0.08306,0.14062,0.11825,0.80587,0.68284,0.77914,0.72946,0.77284,0.0,0.48459,0.36423,0.45539,0.45066,0.44417,0.83981,0.68253,0.66257,0.71077,0.87083,0.0
32031001013,31.0,0.01527,1.0,0.98757,0.0,0.05205,1.0,0.06235,1.0,0.02654,1.0,0.04157,0.0,0.004,1.0,0.03629,0.0,0.0,1.0,0.87658,0.0,0.01071,1.0,0.0,1.0,0.0,1.0,0.01423,1.0,0.01135,1.0,0.0,1.0,0.02622,0.0,0.00448,1.0,0.00448,1.0,0.00639,1.0,0.0,1.0,0.0,1.0,0.01602,0.0,1.0,0.00276,0.02002,6604.0,39.58264,166.84083,0.14111,0.12241,0.09782,0.30523,0.22005,0.81826,0.71444,0.77212,0.73382,0.64342,0.0,0.52715,0.49436,0.64616,0.51864,0.85504,0.88026,0.83829,0.83326,0.75421,0.58519,0.0
32031001014,31.0,0.05798,1.0,0.9925,0.0,0.06886,1.0,0.01609,1.0,0.03532,1.0,0.0416,1.0,0.0,1.0,0.13304,1.0,0.0,1.0,0.75864,0.0,0.0,1.0,0.0,1.0,0.0,1.0,0.12834,1.0,0.0,1.0,0.00471,1.0,0.0,1.0,0.0,1.0,0.01727,1.0,0.00667,1.0,0.00353,1.0,0.0,1.0,0.00573,0.0,1.0,0.00296,0.00743,3436.0,7.7239,444.85316,0.11325,0.09986,0.07017,0.17121,0.10008,0.7697,0.68202,0.62644,0.71449,0.76964,0.0,0.57356,0.40064,0.62676,0.48714,0.4304,0.7923,0.67355,0.78591,0.6526,0.58356,0.0
32031001015,31.0,0.05353,1.0,0.87927,0.0,0.08372,1.0,0.03652,0.0,0.03003,1.0,0.01684,1.0,0.0069,1.0,0.10164,1.0,0.01339,1.0,0.85109,0.0,0.0,1.0,0.00041,1.0,0.0,1.0,0.09576,1.0,0.00162,1.0,0.0,1.0,0.0,1.0,0.01035,1.0,0.00365,1.0,0.00284,1.0,0.0,1.0,0.0,1.0,0.01262,0.00534,0.0,0.00234,0.01246,4677.0,5.18661,901.74589,0.10813,0.04178,0.0905,0.17449,0.15929,0.80651,0.76033,0.62921,0.78277,0.45308,0.0,0.55952,0.44695,0.71938,0.43772,0.4596,0.85905,0.77073,0.83613,0.73659,0.6887,0.0
32031001016,31.0,0.19652,0.0,0.82735,0.0,0.11111,0.0,0.1751,0.0,0.13311,1.0,0.08666,0.0,0.01668,1.0,0.38743,0.0,0.00774,1.0,0.44342,0.0,0.09172,1.0,0.0,1.0,0.0,1.0,0.27904,0.0,0.01668,1.0,0.0,1.0,0.0137,1.0,0.01251,1.0,0.0399,0.0,0.0,1.0,0.00953,1.0,0.0,1.0,0.00442,0.04072,0.0,0.0175,0.00327,2343.0,0.68975,3396.90659,,,,,,,,,,,,0.57974,0.4864,0.6684,0.41188,0.53649,0.66175,0.58234,0.70704,0.50918,0.63876,0.0
32031001017,31.0,0.19652,0.0,0.82735,0.0,0.11111,0.0,0.1751,0.0,0.13311,1.0,0.08666,0.0,0.01668,1.0,0.38743,0.0,0.00774,1.0,0.44342,0.0,0.09172,1.0,0.0,1.0,0.0,1.0,0.27904,0.0,0.01668,1.0,0.0,1.0,0.0137,1.0,0.01251,1.0,0.0399,0.0,0.0,1.0,0.00953,1.0,0.0,1.0,0.0022,0.14869,0.0,0.00011,0.00137,1059.0,0.15459,6850.34191,,,,,,,,,,,,0.57654,0.4923,0.69229,0.47726,0.47368,0.62133,0.52387,0.59091,0.53333,0.5588,0.0
32031001018,31.0,0.19944,0.0,0.77068,0.0,0.1466,0.0,0.24217,0.0,0.14492,1.0,0.05205,0.0,0.05464,0.0,0.49395,0.0,0.00151,1.0,0.36371,0.0,0.03758,1.0,0.00194,1.0,0.0,1.0,0.43002,0.0,0.00605,1.0,0.01102,1.0,0.0,1.0,0.00864,1.0,0.02981,1.0,0.00367,1.0,0.00562,1.0,0.0,1.0,0.00434,0.22521,0.0,0.00553,0.00203,2714.0,0.39733,6830.55964,,,,,,,,,,,,0.53312,0.43976,0.23081,0.28987,0.67999,0.4476,0.46112,0.61905,0.37299,0.30121,0.0
32031001019,31.0,0.19944,0.0,0.77068,0.0,0.1466,0.0,0.24217,0.0,0.14492,1.0,0.05205,0.0,0.05464,0.0,0.49395,0.0,0.00151,1.0,0.36371,0.0,0.03758,1.0,0.00194,1.0,0.0,1.0,0.43002,0.0,0.00605,1.0,0.01102,1.0,0.0,1.0,0.00864,1.0,0.02981,1.0,0.00367,1.0,0.00562,1.0,0.0,1.0,0.00343,0.08557,0.0,0.00094,0.00242,2054.0,0.21253,9664.63075,,,,,,,,,,,,0.49564,0.43922,0.52977,0.41991,0.47484,0.52941,0.4963,0.53453,0.43325,0.29188,0.0
32031001101,31.0,0.00912,1.0,0.97336,0.0,0.05322,1.0,0.1,0.0,0.05411,1.0,0.02238,1.0,0.01336,1.0,0.03073,0.0,0.00067,1.0,0.87876,0.0,0.0,1.0,0.0,1.0,0.0,1.0,0.01904,1.0,0.0,1.0,0.00768,1.0,0.0,1.0,0.00234,1.0,0.0157,1.0,0.0,1.0,0.002,1.0,0.0,1.0,0.00782,0.00612,0.0,0.00088,0.00738,2957.0,1.61201,1834.35556,0.08425,0.011,0.09005,0.03004,0.39434,0.79628,0.66503,0.60929,0.74783,0.73861,0.0,0.56973,0.40358,0.64121,0.52465,0.79388,0.84506,0.76757,0.69275,0.73121,0.64574,0.0
32031001103,31.0,0.01712,1.0,0.99131,0.0,0.10021,0.0,0.03194,1.0,0.03611,1.0,0.02849,1.0,0.0,1.0,0.06296,0.0,0.0,1.0,0.8797,0.0,0.0,1.0,0.00399,1.0,0.0,1.0,0.04319,1.0,0.0,1.0,0.00327,1.0,0.0,1.0,0.00145,1.0,0.0176,1.0,0.0029,1.0,0.00653,1.0,0.0,1.0,0.01367,0.0,1.0,0.00573,0.01435,5501.0,11.9777,459.27013,0.10131,0.10949,0.08829,0.27123,1e-05,0.82726,0.71547,0.73917,0.77638,0.8333,0.0,0.5859,0.5883,0.70865,0.62097,0.50283,0.86955,0.80539,0.79913,0.73931,0.8262,0.0
32031001104,31.0,0.01506,1.0,0.98972,0.0,0.05403,0.0,0.03134,0.0,0.0414,1.0,0.03385,0.0,0.00412,1.0,0.10201,0.0,0.0,1.0,0.8312,0.0,0.00686,1.0,0.00206,1.0,0.0,1.0,0.05535,0.0,0.0,1.0,0.01304,1.0,0.0048,1.0,0.01144,1.0,0.01647,1.0,0.00435,1.0,0.0,1.0,0.0,1.0,0.01112,0.0,1.0,0.002,0.0126,4510.0,3.99532,1128.8204,0.08243,0.06108,0.08797,0.20927,0.0414,0.82315,0.77905,0.69137,0.7185,0.71762,0.0,0.55026,0.52438,0.67994,0.4582,0.53557,0.86903,0.73441,0.8649,0.74728,0.78045,0.0
32031001105,31.0,0.03387,1.0,0.98657,0.0,0.03428,1.0,0.0343,0.0,0.04818,1.0,0.06101,0.0,0.01754,1.0,0.08955,0.0,0.0,1.0,0.81383,0.0,0.0,1.0,0.0,1.0,0.0,1.0,0.0563,0.0,0.02147,1.0,0.00209,1.0,0.00812,1.0,0.00995,1.0,0.02016,1.0,0.0,1.0,0.01335,1.0,0.0,1.0,0.00939,0.0,1.0,0.00032,0.01075,3929.0,4.15967,944.54496,0.08709,0.03346,0.05502,0.12587,0.15772,0.82428,0.79078,0.72917,0.77619,0.76196,0.0,0.5743,0.55501,0.62144,0.5412,0.41972,0.88121,0.79586,0.9243,0.79892,0.54961,0.0
32031001201,31.0,0.0319,1.0,0.94495,0.0,0.12951,0.0,0.1233,0.0,0.14589,1.0,0.03854,0.0,0.04377,1.0,0.07034,0.0,0.01272,1.0,0.78788,0.0,0.0,1.0,0.00449,1.0,0.0,1.0,0.0434,1.0,0.00674,1.0,0.01571,1.0,0.0101,1.0,0.0,1.0,0.00674,1.0,0.00711,1.0,0.00486,1.0,0.0,1.0,0.00719,0.03693,0.0,0.00575,0.00516,3011.0,4.59325,655.52748,0.10324,0.04678,0.15851,0.05557,0.14904,0.607,0.52983,0.57866,0.66306,0.36957,0.0,0.56897,0.42864,0.69916,0.36989,0.64978,0.65712,0.50017,0.60292,0.60259,0.48565,0.0
32031001203,31.0,0.0551,1.0,0.8515,0.0,0.13388,0.0,0.22429,0.0,0.10672,1.0,0.03443,1.0,0.01861,1.0,0.19589,0.0,0.01347,1.0,0.70744,0.0,0.01818,1.0,0.01583,1.0,0.0,1.0,0.14585,0.0,0.0047,1.0,0.0,1.0,0.0,1.0,0.0,1.0,0.03443,1.0,0.0,1.0,0.0,1.0,0.0,1.0,0.0064,0.0,1.0,0.00085,0.00563,3199.0,0.77006,4154.20175,,,,,,,,,,,,0.52468,0.4316,0.48954,0.40056,0.46563,0.59975,0.54441,0.64191,0.55873,0.45024,0.0
32031001204,31.0,0.0551,1.0,0.8515,0.0,0.13388,0.0,0.22429,0.0,0.10672,1.0,0.03443,1.0,0.01861,1.0,0.19589,0.0,0.01347,1.0,0.70744,0.0,0.01818,1.0,0.01583,1.0,0.0,1.0,0.14585,0.0,0.0047,1.0,0.0,1.0,0.0,1.0,0.0,1.0,0.03443,1.0,0.0,1.0,0.0,1.0,0.0,1.0,0.00385,0.0,1.0,0.00416,0.00286,1772.0,1.30267,1360.28411,,,,,,,,,,,,0.57586,0.48892,0.68725,0.40653,0.66665,0.61268,0.55604,0.80169,0.58024,0.58341,0.0
32031001300,31.0,0.04158,1.0,0.93538,0.0,0.13909,0.0,0.12817,0.0,0.13736,1.0,0.0721,1.0,1e-05,1.0,0.09112,0.0,0.00747,1.0,0.79566,0.0,0.02873,1.0,0.00316,1.0,0.0,1.0,0.05262,1.0,0.0,1.0,0.00661,1.0,0.0,1.0,0.0,1.0,0.05688,1.0,0.01206,1.0,0.0,1.0,0.0,1.0,0.00862,0.0,1.0,0.00131,0.00734,3668.0,1.5891,2308.22926,0.07304,0.03565,0.06057,0.06643,0.0,0.68379,0.68596,0.65882,0.69095,0.45068,0.0,0.57554,0.52278,0.55665,0.46125,0.51601,0.73907,0.66295,0.71172,0.62835,0.47817,0.0
32031001400,31.0,0.06512,1.0,0.88915,0.0,0.05837,1.0,0.37908,0.0,0.53065,1.0,0.08724,0.0,0.0116,1.0,0.19713,0.0,0.03009,1.0,0.64633,0.0,0.03617,1.0,0.00055,1.0,0.0,1.0,0.14467,0.0,0.0058,1.0,0.0,1.0,0.01132,1.0,0.03424,1.0,0.00442,1.0,0.00166,1.0,0.00442,1.0,0.00387,1.0,0.00903,0.28783,0.0,0.00097,0.00583,3038.0,0.99797,3044.18547,0.05354,0.01757,0.037,0.01389,0.05582,0.62688,0.637,0.69725,0.7381,0.73616,0.0,0.50809,0.51047,0.59301,0.42045,0.42509,0.6758,0.60653,0.5578,0.69014,0.64417,0.0
32031001501,31.0,0.04348,1.0,0.97661,0.0,0.06146,0.0,0.17483,0.0,0.22039,1.0,0.04576,0.0,0.03834,1.0,0.21859,0.0,0.00582,1.0,0.63689,0.0,0.0279,1.0,0.0,1.0,0.0,1.0,0.15697,0.0,0.00682,1.0,0.01024,1.0,0.00803,1.0,0.00923,1.0,0.01786,1.0,0.0,1.0,0.0,1.0,0.00422,1.0,0.01175,0.12709,0.0,0.00264,0.00902,5199.0,3.67826,1413.43895,0.08797,0.03122,0.07149,0.00837,0.03927,0.64179,0.61545,0.48382,0.68089,0.45816,0.0,0.5313,0.46411,0.52288,0.40647,0.46797,0.68405,0.61403,0.67037,0.61325,0.47698,0.0
32031001503,31.0,0.06416,1.0,0.77699,0.0,0.12376,0.0,0.31735,0.0,0.4871,0.0,0.05417,0.0,0.06813,0.0,0.28422,0.0,0.01836,1.0,0.49332,0.0,0.01214,1.0,0.00197,1.0,0.0,1.0,0.24006,0.0,0.00228,1.0,0.00076,1.0,0.00076,1.0,0.01472,1.0,0.02261,0.0,0.00486,1.0,0.0,1.0,0.00076,1.0,0.00948,0.33788,0.0,0.06553,0.00504,5178.0,1.61776,3200.73116,,,,,,,,,,,,0.49152,0.4315,0.51528,0.39491,0.42439,0.56029,0.55339,0.54922,0.59941,0.42843,0.0
32031001504,31.0,0.06416,1.0,0.77699,0.0,0.12376,0.0,0.31735,0.0,0.4871,0.0,0.05417,0.0,0.06813,0.0,0.28422,0.0,0.01836,1.0,0.49332,0.0,0.01214,1.0,0.00197,1.0,0.0,1.0,0.24006,0.0,0.00228,1.0,0.00076,1.0,0.00076,1.0,0.01472,1.0,0.02261,0.0,0.00486,1.0,0.0,1.0,0.00076,1.0,0.00624,0.11166,0.0,0.02568,0.00441,3640.0,1.44372,2521.27272,,,,,,,,,,,,0.42633,0.32707,0.33081,0.32612,0.27245,0.49257,0.50188,0.55864,0.5025,0.44922,0.0
32031001701,31.0,0.17737,0.0,0.92561,0.0,0.13565,0.0,0.34158,0.0,0.11534,1.0,0.01695,1.0,0.05003,0.0,0.35909,0.0,0.0,1.0,0.34019,0.0,0.05364,1.0,0.0025,1.0,0.0,1.0,0.27765,0.0,0.00389,1.0,0.00306,1.0,0.0,1.0,0.00222,1.0,0.00945,1.0,0.00528,1.0,0.0,1.0,0.0,1.0,0.00549,0.01521,0.0,0.00092,0.00438,3353.0,1.30397,2571.36907,0.04586,0.01793,0.0,0.00757,0.00531,0.52548,0.58618,0.43591,0.66185,0.51354,0.0,0.49007,0.48908,0.39824,0.34656,0.47139,0.57035,0.60367,0.53092,0.58334,0.4456,0.0
32031001703,31.0,0.15251,0.0,0.90886,0.0,0.0927,1.0,0.1567,0.0,0.11737,1.0,0.08653,0.0,0.04818,0.0,0.36062,0.0,0.00067,1.0,0.43765,0.0,0.05719,1.0,0.03568,1.0,0.0,1.0,0.22224,0.0,0.0,1.0,0.007,1.0,0.0,1.0,0.0095,1.0,0.06769,0.0,0.0,1.0,0.0,1.0,0.00934,1.0,0.00671,0.17576,0.0,0.00782,0.00379,3734.0,1.10508,3378.94327,,,,,,,,,,,,0.59095,0.46731,0.50005,0.47017,0.71424,0.59128,0.59448,0.60718,0.49633,0.42984,0.0
32031001704,31.0,0.15251,0.0,0.90886,0.0,0.0927,1.0,0.1567,0.0,0.11737,1.0,0.08653,0.0,0.04818,0.0,0.36062,0.0,0.00067,1.0,0.43765,0.0,0.05719,1.0,0.03568,1.0,0.0,1.0,0.22224,0.0,0.0,1.0,0.007,1.0,0.0,1.0,0.0095,1.0,0.06769,0.0,0.0,1.0,0.0,1.0,0.00934,1.0,0.00514,0.0,1.0,0.00038,0.0045,2988.0,1.46079,2045.47012,,,,,,,,,,,,0.53944,0.46473,0.64003,0.4139,0.60592,0.66998,0.63975,0.66206,0.56434,0.55559,0.0
32031001801,31.0,0.23004,0.0,0.69284,0.0,0.20274,0.0,0.30148,0.0,0.06915,1.0,0.04241,1.0,0.08912,0.0,0.54333,0.0,0.00676,1.0,0.22096,0.0,0.02151,1.0,0.0,1.0,0.0,1.0,0.41703,0.0,0.01567,1.0,0.0,1.0,0.0,1.0,0.01045,1.0,0.01076,1.0,0.00369,1.0,0.0,1.0,0.0,1.0,0.00473,0.0,1.0,0.00147,0.0041,3565.0,0.88855,4012.13633,0.04849,0.02693,0.0,0.01525,0.0,0.55464,0.6199,0.48768,0.57237,0.55736,0.0,0.52927,0.48034,0.52097,0.46851,0.54541,0.59145,0.63821,0.4141,0.58053,0.4465,0.0
32031001802,31.0,0.25071,0.0,0.74365,0.0,0.1573,0.0,0.19604,0.0,0.09076,1.0,0.09274,0.0,0.03069,0.0,0.61716,0.0,0.00792,1.0,0.22904,0.0,0.00231,1.0,0.0,1.0,0.0,1.0,0.61023,0.0,0.0,1.0,0.0,1.0,0.0,1.0,0.0033,1.0,0.0703,1.0,0.0,1.0,0.00396,1.0,0.00264,1.0,0.00406,0.01287,0.0,0.00158,0.00309,3286.0,0.91964,3573.1542,0.07422,0.01976,0.17579,0.0,1e-05,0.61467,0.67222,0.59586,0.60895,0.37996,0.0,0.61338,0.54694,0.73345,0.48903,0.61929,0.65357,0.63092,0.6903,0.52081,0.52922,0.0
32031001901,31.0,0.26922,0.0,0.87056,0.0,0.14959,0.0,0.1951,0.0,0.06833,1.0,0.03223,1.0,0.04083,0.0,0.57606,0.0,0.05114,1.0,0.25999,0.0,0.04469,1.0,0.0,1.0,0.0,1.0,0.49055,0.0,0.01246,1.0,0.00902,1.0,0.0,1.0,0.00193,1.0,0.02858,1.0,0.0,1.0,0.0,1.0,0.0,1.0,0.00705,0.158,0.0,0.00397,0.00423,4774.0,1.05362,4531.03426,0.07205,0.01616,0.04316,0.0,0.16789,0.57761,0.62976,0.61218,0.52227,0.35675,0.0,0.56478,0.48862,0.61679,0.38874,0.57166,0.5668,0.58434,0.60511,0.43765,0.43818,0.0
32031001903,31.0,0.16808,0.0,0.80024,0.0,0.15132,0.0,0.22104,0.0,0.14882,1.0,0.05118,0.0,0.0459,1.0,0.40401,0.0,0.00747,1.0,0.44117,0.0,0.03807,1.0,0.03188,1.0,0.0,1.0,0.31931,0.0,0.01075,1.0,0.0,1.0,0.0,1.0,0.0,1.0,0.03588,0.0,0.0,1.0,0.01002,1.0,0.0,1.0,0.00651,0.09504,0.0,0.00255,0.00431,3890.0,0.94122,4132.94018,,,,,,,,,,,,0.54673,0.40915,0.50435,0.41348,0.58522,0.5728,0.53403,0.49431,0.47644,0.37961,0.0
32031001904,31.0,0.16808,0.0,0.80024,0.0,0.15132,0.0,0.22104,0.0,0.14882,1.0,0.05118,0.0,0.0459,1.0,0.40401,0.0,0.00747,1.0,0.44117,0.0,0.03807,1.0,0.03188,1.0,0.0,1.0,0.31931,0.0,0.01075,1.0,0.0,1.0,0.0,1.0,0.0,1.0,0.03588,0.0,0.0,1.0,0.01002,1.0,0.0,1.0,0.00439,0.0557,0.0,0.00172,0.00301,2410.0,0.627,3843.70802,,,,,,,,,,,,0.5245,0.37197,0.36184,0.42501,0.51535,0.54238,0.50274,0.37372,0.45517,0.40911,0.0
32031002103,31.0,0.01903,1.0,0.99227,0.0,0.04567,1.0,0.03608,1.0,0.08268,1.0,0.065,0.0,0.02383,1.0,0.13141,0.0,0.0,1.0,0.76313,0.0,0.00397,1.0,0.00361,1.0,0.0,1.0,0.10433,0.0,0.00469,1.0,0.0,1.0,0.0112,1.0,0.02527,0.0,0.00939,1.0,0.00759,1.0,0.00072,1.0,0.0083,1.0,0.00698,0.0,1.0,0.00355,0.00691,2777.0,23.6891,117.22691,0.08634,0.14549,0.10375,0.0397,0.00179,0.79654,0.70359,0.72412,0.80536,0.58769,0.0,0.55533,0.47191,0.57241,0.45077,0.58296,0.82448,0.73939,0.78625,0.65521,0.61713,0.0
32031002104,31.0,0.05619,1.0,0.96924,0.0,0.11362,1.0,0.04491,0.0,0.05733,1.0,0.02563,1.0,0.00944,1.0,0.11204,0.0,0.0002,1.0,0.84031,0.0,0.00079,1.0,0.0,1.0,0.0,1.0,0.08918,0.0,0.0,1.0,0.0,1.0,0.00758,1.0,0.00349,1.0,0.01173,1.0,6e-05,1.0,0.00013,1.0,0.00264,1.0,0.00788,0.0,1.0,0.00076,0.00746,3480.0,7.89808,440.61358,0.08637,0.0288,0.07344,0.05315,0.03829,0.75375,0.69887,0.64427,0.77516,0.4381,0.0,0.58015,0.46961,0.6206,0.4701,0.75038,0.80374,0.71125,0.75369,0.61624,0.50204,0.0
32031002105,31.0,0.03691,1.0,0.95884,0.0,0.12255,1.0,0.05632,0.0,0.09211,1.0,0.06924,0.0,0.01223,1.0,0.29428,0.0,0.01099,1.0,0.58413,0.0,0.04374,1.0,0.0,1.0,0.0,1.0,0.23237,0.0,0.0,1.0,0.0,1.0,2e-05,1.0,0.011,1.0,0.04764,0.0,0.00346,1.0,0.00712,1.0,1e-05,1.0,0.01047,0.21988,0.0,0.00103,0.00725,4035.0,1.52151,2651.9794,0.06481,0.01669,0.13162,0.06041,0.05922,0.65988,0.67579,0.5479,0.60552,0.45432,0.0,0.54517,0.51357,0.68116,0.43152,0.43343,0.69886,0.62563,0.69267,0.53126,0.38792,0.0
32031002106,31.0,0.15264,0.0,0.97454,0.0,0.13785,0.0,0.11545,0.0,0.06031,1.0,0.06572,0.0,0.02048,1.0,0.33001,0.0,0.00341,1.0,0.57212,0.0,0.05548,1.0,0.00541,1.0,0.0,1.0,0.26003,0.0,0.0,1.0,0.0,1.0,0.02077,1.0,0.0,1.0,0.03585,1.0,0.00341,1.0,0.00427,1.0,0.00341,1.0,0.00748,0.07207,0.0,0.00268,0.0073,3466.0,1.19021,2912.08191,0.0574,0.01887,0.15597,0.01815,0.10452,0.72775,0.74393,0.62972,0.61532,0.81425,0.0,0.5189,0.48716,0.67485,0.47494,0.30991,0.77665,0.71534,0.79227,0.62218,0.59002,0.0
32031002107,31.0,0.1418,0.0,0.69896,0.0,0.13218,0.0,0.25708,0.0,0.13923,1.0,0.06066,1.0,0.03928,0.0,0.35471,0.0,0.22704,0.0,0.29521,0.0,0.08666,0.0,0.0,1.0,0.0,1.0,0.24783,0.0,0.0,1.0,0.0,1.0,0.0,1.0,0.0,1.0,0.05257,1.0,0.00289,1.0,0.0052,1.0,0.0,1.0,0.00359,0.13108,0.0,0.02592,0.00302,1805.0,2.50326,721.05915,0.07679,0.04102,0.02206,0.0,0.00154,0.60121,0.67189,0.63463,0.58096,0.3164,0.0,0.48214,0.43955,0.45025,0.28935,0.56261,0.65089,0.67128,0.68358,0.54967,0.47525,0.0
32031002204,31.0,0.20869,0.0,0.91021,0.0,0.19004,0.0,0.14896,0.0,0.0942,1.0,0.07213,1.0,0.04087,0.0,0.56661,0.0,0.00184,1.0,0.25828,0.0,0.02881,1.0,0.00327,1.0,0.0,1.0,0.50082,0.0,0.0143,1.0,0.00163,1.0,0.03249,1.0,0.0,1.0,0.01553,1.0,0.00163,1.0,0.0,1.0,0.0,1.0,0.00718,0.0,1.0,0.0447,0.00739,5336.0,4.04024,1320.71273,0.05118,0.00768,0.0,0.0,0.00011,0.62292,0.65299,0.71426,0.6524,0.46909,0.0,0.49428,0.38616,0.60092,0.42464,0.41058,0.63863,0.63785,0.61434,0.54667,0.38815,0.0
32031002207,31.0,0.03854,1.0,0.99451,0.0,0.03717,1.0,0.01928,0.0,0.04409,1.0,0.12483,0.0,0.00725,1.0,0.14449,0.0,0.00554,1.0,0.67666,0.0,0.00439,1.0,0.0,1.0,0.0,1.0,0.11262,0.0,0.01088,1.0,0.00611,1.0,0.00554,1.0,0.01279,1.0,0.0691,0.0,0.0,1.0,0.0252,1.0,0.0,1.0,0.0114,0.0,1.0,0.00473,0.01376,5283.0,5.43181,972.60393,0.09333,0.05583,0.0275,0.09813,8e-05,0.78581,0.76346,0.70766,0.69345,0.62007,0.0,0.47725,0.39784,0.48688,0.40328,0.4682,0.816,0.80742,0.77768,0.72498,0.66344,0.0
32031002208,31.0,0.05334,1.0,0.92062,0.0,0.06263,1.0,0.04192,0.0,0.03628,1.0,0.1048,0.0,0.00605,1.0,0.052,1.0,0.01975,1.0,0.79686,0.0,0.00806,1.0,0.0,1.0,0.0,1.0,0.04393,1.0,0.0,1.0,0.0,1.0,0.02741,1.0,0.03265,1.0,0.00685,1.0,0.02378,1.0,0.0,1.0,0.0,1.0,0.00636,0.0,1.0,0.02209,0.00765,3300.0,3.2456,1016.7605,0.13201,0.11634,0.08809,0.1873,0.09082,0.7152,0.73546,0.59662,0.72719,0.47836,0.0,0.56341,0.50786,0.64481,0.53546,0.49811,0.78563,0.75374,0.73738,0.64008,0.51391,0.0
32031002210,31.0,0.02845,1.0,0.99253,0.0,0.05833,1.0,0.01635,1.0,0.0414,1.0,0.05596,0.0,0.01254,1.0,0.05335,0.0,0.0,1.0,0.83793,0.0,0.0,1.0,0.0,1.0,0.0,1.0,0.04111,0.0,0.0,1.0,0.00728,1.0,0.0239,1.0,0.01195,1.0,0.00408,1.0,0.01166,1.0,0.00204,1.0,0.0,1.0,0.00784,0.0,1.0,0.00086,0.01365,4500.0,33.00502,136.3429,0.08213,0.02223,0.0465,0.14294,0.14283,0.84182,0.81852,0.85996,0.75023,0.77778,0.0,0.47406,0.44971,0.67909,0.41797,0.49911,0.86623,0.85571,0.82167,0.72975,0.9986,0.0
32031002211,31.0,0.21032,0.0,0.80891,0.0,0.18088,0.0,0.12939,0.0,0.10532,1.0,0.02607,1.0,0.02185,1.0,0.61111,0.0,0.00237,1.0,0.30858,0.0,0.03397,1.0,0.0,1.0,0.0,1.0,0.56319,0.0,0.00184,1.0,0.0,1.0,0.0,1.0,0.00158,1.0,0.0237,1.0,0.0029,1.0,0.0,1.0,0.0,1.0,0.00561,0.26554,0.0,0.03081,0.00325,3873.0,1.91295,2024.6226,0.07092,0.0168,0.05264,0.0,0.0,0.53531,0.601,0.50003,0.59452,0.65206,0.0,0.52908,0.43363,0.58627,0.36102,0.45452,0.56049,0.52743,0.65909,0.4864,0.36667,0.0
32031002212,31.0,0.32742,0.0,0.84724,0.0,0.09659,0.0,0.30347,0.0,0.10635,1.0,0.07498,1.0,0.00888,1.0,0.6841,0.0,0.00316,1.0,0.20541,0.0,0.06077,1.0,0.00829,1.0,0.0,1.0,0.60063,0.0,0.0144,1.0,0.0,1.0,0.0,1.0,0.00888,1.0,0.02072,1.0,0.0217,1.0,0.0,1.0,0.00829,1.0,0.00562,0.22184,0.0,0.00146,0.00349,4310.0,1.0224,4215.56844,0.05883,0.01262,0.0,0.0,0.0838,0.53752,0.63221,0.36476,0.63846,0.32485,0.0,0.49776,0.40962,0.30002,0.30609,0.37716,0.52076,0.51338,0.41669,0.41161,0.40046,0.0
32031002213,31.0,0.10139,1.0,0.97557,0.0,0.0793,1.0,0.09028,0.0,0.06454,1.0,0.18062,0.0,0.00865,1.0,0.18617,0.0,0.00445,1.0,0.5814,0.0,0.02332,1.0,0.00216,1.0,0.0,1.0,0.14398,0.0,0.00324,1.0,0.00865,1.0,0.12113,1.0,0.00793,1.0,0.0304,0.0,0.0024,1.0,0.00168,1.0,0.0149,1.0,0.0112,0.0,1.0,0.00062,0.01529,6007.0,2.09553,2866.58376,,,,,,,,,,,,0.48116,0.45474,0.51228,0.40825,0.27915,0.8138,0.7726,0.75513,0.67953,0.7453,0.0
32031002214,31.0,0.1014,1.0,0.97556,0.0,0.07932,1.0,0.09029,0.0,0.06454,1.0,0.18065,0.0,0.00865,1.0,0.18618,0.0,0.00445,1.0,0.58137,0.0,0.02332,1.0,0.00216,1.0,0.0,1.0,0.14399,0.0,0.00325,1.0,0.00865,1.0,0.12115,1.0,0.00793,1.0,0.03041,0.0,0.0024,1.0,0.00168,1.0,0.0149,1.0,0.00547,0.0909,0.0,0.02494,0.00412,2696.0,6.49209,415.27467,,,,,,,,,,,,0.49873,0.40203,0.48769,0.39718,0.73226,0.61183,0.56852,0.67024,0.54709,0.59297,0.0
32031002215,31.0,0.07405,0.0,0.88677,0.0,0.05344,1.0,0.11115,0.0,0.11937,1.0,0.0586,0.0,0.0,1.0,0.25176,0.0,0.0,1.0,0.67643,0.0,0.0539,1.0,0.0,1.0,0.0,1.0,0.1796,0.0,0.00344,1.0,0.00271,1.0,0.0076,1.0,0.0,1.0,0.0293,1.0,0.0,1.0,0.00271,1.0,0.0,1.0,0.0056,0.08803,0.0,0.02213,0.00486,2690.0,2.43734,1103.66371,,,,,,,,,,,,0.50831,0.46856,0.64827,0.36017,0.50012,0.70197,0.65958,0.64445,0.59265,0.54573,0.0
32031002216,31.0,0.07405,0.0,0.88677,0.0,0.05344,1.0,0.11115,0.0,0.11937,1.0,0.0586,0.0,0.0,1.0,0.25176,0.0,0.0,1.0,0.67643,0.0,0.0539,1.0,0.0,1.0,0.0,1.0,0.1796,0.0,0.00344,1.0,0.00271,1.0,0.0076,1.0,0.0,1.0,0.0293,1.0,0.0,1.0,0.00271,1.0,0.0,1.0,0.00614,0.07332,0.0,0.02747,0.00457,2657.0,2.28077,1164.95537,,,,,,,,,,,,0.51516,0.35658,0.3442,0.43373,0.6812,0.6004,0.52437,0.54919,0.60854,0.48949,0.0
32031002217,31.0,0.03604,1.0,0.98663,0.0,0.03977,0.0,0.04145,0.0,0.04651,1.0,0.06183,0.0,0.01205,1.0,0.15475,0.0,0.00788,1.0,0.72114,0.0,0.03525,1.0,0.0,1.0,0.0027,1.0,0.10632,0.0,0.0,1.0,0.00169,1.0,0.01982,1.0,0.00867,1.0,0.00969,1.0,0.00248,1.0,0.0,1.0,0.00597,1.0,0.00627,0.0,1.0,0.00014,0.00841,3567.0,2.66855,1336.68066,,,,,,,,,,,,0.59961,0.54672,0.64224,0.45207,0.39769,0.8406,0.7525,0.73052,0.70179,0.58359,0.0
32031002218,31.0,0.03604,1.0,0.98663,0.0,0.03977,0.0,0.04145,0.0,0.04651,1.0,0.06183,0.0,0.01205,1.0,0.15475,0.0,0.00788,1.0,0.72114,0.0,0.03525,1.0,0.0,1.0,0.0027,1.0,0.10632,0.0,0.0,1.0,0.00169,1.0,0.01982,1.0,0.00867,1.0,0.00969,1.0,0.00248,1.0,0.0,1.0,0.00597,1.0,0.00623,0.0,1.0,0.0003,0.01002,3858.0,1.86241,2071.50425,,,,,,,,,,,,0.47506,0.44347,0.52938,0.41313,0.45688,0.80688,0.7552,0.73621,0.7329,0.6899,0.0
32031002219,31.0,0.03604,1.0,0.98663,0.0,0.03977,0.0,0.04145,0.0,0.04651,1.0,0.06183,0.0,0.01205,1.0,0.15475,0.0,0.00788,1.0,0.72114,0.0,0.03525,1.0,0.0,1.0,0.0027,1.0,0.10632,0.0,0.0,1.0,0.00169,1.0,0.01982,1.0,0.00867,1.0,0.00969,1.0,0.00248,1.0,0.0,1.0,0.00597,1.0,0.00719,0.0,1.0,0.00042,0.01207,4524.0,2.45948,1839.41447,,,,,,,,,,,,0.47295,0.41898,0.53292,0.45591,0.40801,0.82667,0.77904,0.79144,0.71351,0.67875,0.0
32031002302,31.0,0.01787,1.0,0.99373,0.0,0.08214,1.0,0.03754,1.0,0.0366,1.0,0.02581,1.0,0.00235,1.0,0.05819,0.0,0.00845,1.0,0.89395,0.0,0.00282,1.0,0.0,1.0,0.0,1.0,0.04083,1.0,0.0,1.0,0.0,1.0,0.0,1.0,0.00328,1.0,0.00751,1.0,0.00798,1.0,0.00328,1.0,0.0,1.0,0.00574,0.0,1.0,0.01186,0.00773,2853.0,43.53132,65.53903,0.1029,0.11361,0.00909,0.05561,0.0,0.81355,0.67842,0.46793,0.80468,0.76875,0.0,0.56239,0.55339,0.83871,0.54963,0.2939,0.83841,0.75963,0.63358,0.74279,0.65224,0.0
32031002303,31.0,0.00614,1.0,1.0,0.0,0.0871,0.0,0.03131,1.0,0.03572,1.0,0.03998,0.0,0.00638,1.0,0.06171,0.0,0.0,1.0,0.88098,0.0,0.00289,1.0,0.01353,1.0,0.0,1.0,0.03055,0.0,0.0,1.0,0.00486,1.0,0.00304,1.0,0.00958,1.0,0.00942,1.0,0.00836,1.0,0.00304,1.0,0.0,1.0,0.0075,0.0,1.0,0.00076,0.00643,3104.0,20.03676,154.91524,,,,,,,,,,,,0.68046,0.579,0.63851,0.47896,0.62021,0.87424,0.81309,0.75072,0.72809,0.64569,0.0
32031002304,31.0,0.00614,1.0,1.0,0.0,0.0871,0.0,0.03131,1.0,0.03572,1.0,0.03997,0.0,0.00638,1.0,0.06171,0.0,0.0,1.0,0.88099,0.0,0.00289,1.0,0.01353,1.0,0.0,1.0,0.03055,0.0,0.0,1.0,0.00486,1.0,0.00304,1.0,0.00958,1.0,0.00942,1.0,0.00836,1.0,0.00304,1.0,0.0,1.0,0.01008,0.0,1.0,0.00075,0.01102,4432.0,6.51049,680.74705,,,,,,,,,,,,0.58419,0.54317,0.70937,0.49543,0.7059,0.83733,0.7746,0.68412,0.67948,0.59616,0.0
32031002401,31.0,0.04353,1.0,0.97259,0.0,0.07619,1.0,0.12796,0.0,0.12307,1.0,0.09345,0.0,0.03709,0.0,0.10212,1.0,0.0,1.0,0.70207,0.0,0.03709,1.0,0.00337,1.0,0.0,1.0,0.04745,1.0,0.00506,1.0,0.0065,1.0,0.00482,1.0,0.01614,1.0,0.04913,1.0,0.00698,1.0,0.0,1.0,0.00289,1.0,0.01019,0.07295,0.0,0.00084,0.0089,4102.0,2.41165,1700.91296,0.07293,0.03158,0.04323,0.01743,0.00022,0.74035,0.77057,0.70368,0.6659,0.6331,0.0,0.53884,0.45076,0.51118,0.43053,0.43815,0.76219,0.63953,0.67901,0.61118,0.40689,0.0
32031002406,31.0,0.05058,1.0,0.95952,0.0,0.12954,0.0,0.16169,0.0,0.14057,1.0,0.01852,0.0,0.01533,1.0,0.16848,0.0,0.01036,1.0,0.71479,0.0,0.0048,1.0,0.0027,1.0,0.0,1.0,0.13633,0.0,0.0,1.0,0.00726,1.0,0.0,1.0,0.00352,1.0,0.01498,1.0,1e-05,1.0,0.0,1.0,0.0,1.0,0.01195,0.06454,0.0,0.0031,0.00991,5137.0,2.20686,2327.73786,0.08009,0.02151,0.03082,0.00163,0.0,0.69867,0.65333,0.53608,0.59135,0.68975,0.0,0.55075,0.50728,0.56577,0.43499,0.41808,0.7364,0.66142,0.71502,0.59988,0.47269,0.0
32031002407,31.0,0.09385,0.0,0.94458,0.0,0.09185,0.0,0.13033,0.0,0.11371,1.0,0.16165,0.0,0.01903,1.0,0.16213,0.0,0.01662,1.0,0.62009,0.0,0.0147,1.0,0.00578,1.0,0.0,1.0,0.10985,0.0,0.0,1.0,0.02337,1.0,0.0306,1.0,0.05493,1.0,0.04192,0.0,0.00024,1.0,0.00169,1.0,0.00241,1.0,0.00902,0.03346,0.0,0.00391,0.00893,4067.0,2.25787,1801.2548,0.07289,0.04435,0.0739,0.06678,0.04735,0.72042,0.68849,0.69058,0.75616,0.56466,0.0,0.51269,0.41387,0.53241,0.4171,0.44365,0.77935,0.74343,0.7727,0.69112,0.5103,0.0
32031002408,31.0,0.07457,1.0,0.99304,0.0,0.03761,1.0,0.01849,1.0,0.08018,1.0,0.12377,1.0,0.00859,1.0,0.13204,0.0,0.02291,1.0,0.63315,0.0,0.0,1.0,0.0,1.0,0.0,1.0,0.09959,0.0,0.0105,1.0,0.0,1.0,0.0,1.0,0.04932,1.0,0.02864,1.0,0.00095,1.0,0.03691,1.0,0.0,1.0,0.00676,0.0,1.0,0.00064,0.00761,3073.0,1.96452,1564.2489,0.08561,0.07751,0.23516,0.09611,3e-05,0.73264,0.73292,0.67108,0.69334,0.6,0.0,0.50944,0.4437,0.62492,0.41325,0.53845,0.79698,0.75878,0.75296,0.68055,0.50982,0.0
32031002409,31.0,0.05083,1.0,0.98297,0.0,0.07535,0.0,0.02554,0.0,0.06144,1.0,0.09206,0.0,0.03062,0.0,0.11677,0.0,0.01161,1.0,0.70756,0.0,0.0,1.0,0.0,1.0,0.0,1.0,0.09164,0.0,0.0095,1.0,0.0,1.0,0.00549,1.0,0.01584,1.0,0.05469,0.0,0.00232,1.0,0.0,1.0,0.0,1.0,0.01042,0.0,1.0,0.00109,0.01162,4619.0,6.34298,728.2061,0.07765,0.08407,0.14646,0.08144,0.08397,0.76361,0.70464,0.64189,0.72107,0.78592,0.0,0.51912,0.44385,0.59502,0.43645,0.53526,0.81911,0.76703,0.81157,0.71508,0.73166,0.0
32031002411,31.0,0.04322,1.0,0.9875,0.0,0.08626,0.0,0.13411,0.0,0.10514,1.0,0.07705,0.0,0.02901,1.0,0.20168,0.0,0.0,1.0,0.66667,0.0,0.01088,0.0,0.0,1.0,0.0,1.0,0.17902,0.0,0.00204,1.0,0.0,1.0,0.02175,1.0,0.00906,1.0,0.02379,1.0,0.00997,1.0,0.0,1.0,0.00793,1.0,0.00941,0.01535,0.0,0.00543,0.00884,4350.0,2.42696,1792.36642,0.05201,0.04319,0.02994,0.03582,0.0,0.69149,0.62903,0.5727,0.55455,0.5428,0.0,0.52773,0.37685,0.6182,0.39916,0.45005,0.74959,0.61791,0.6962,0.64081,0.45974,0.0
32031002412,31.0,0.09344,1.0,0.97717,0.0,0.07366,0.0,0.05507,1.0,0.07578,1.0,0.11347,0.0,0.03368,1.0,0.13673,0.0,0.00642,1.0,0.63072,0.0,0.0,1.0,0.0016,1.0,0.0,1.0,0.1239,0.0,0.002,1.0,0.00762,1.0,0.01604,1.0,0.02847,1.0,0.03488,1.0,0.01042,1.0,0.00521,1.0,0.00361,1.0,0.00534,0.0,1.0,0.00023,0.00654,2535.0,6.37488,397.65423,0.07133,0.03179,0.10947,0.12313,0.07349,0.76064,0.79338,0.67811,0.83402,0.74732,0.0,0.50557,0.44675,0.51747,0.47402,0.66767,0.81514,0.75354,0.74807,0.70558,0.62614,0.0
32031002413,31.0,0.05048,0.0,0.94646,0.0,0.10508,0.0,0.08438,0.0,0.0801,1.0,0.10479,0.0,0.03275,1.0,0.17078,0.0,0.0063,1.0,0.63728,0.0,0.05995,1.0,0.0,1.0,0.0,1.0,0.06927,1.0,0.0,1.0,0.01839,1.0,0.02645,1.0,0.00252,1.0,0.01814,1.0,0.00252,1.0,0.0,1.0,0.01713,1.0,0.00594,0.0,1.0,0.00226,0.00592,3102.0,1.16035,2673.34117,,,,,,,,,,,,0.53009,0.45361,0.473,0.47766,0.52514,0.70987,0.60935,0.69625,0.56903,0.67292,0.0
32031002414,31.0,0.05048,0.0,0.94646,0.0,0.10508,0.0,0.08438,0.0,0.0801,1.0,0.10479,0.0,0.03275,1.0,0.17078,0.0,0.0063,1.0,0.63728,0.0,0.05995,1.0,0.0,1.0,0.0,1.0,0.06927,1.0,0.0,1.0,0.01839,1.0,0.02645,1.0,0.00252,1.0,0.01814,1.0,0.00252,1.0,0.0,1.0,0.01713,1.0,0.00352,0.0,1.0,0.00038,0.00291,1636.0,0.55925,2925.34012,,,,,,,,,,,,0.53065,0.45787,0.64719,0.38937,0.60006,0.64281,0.57198,0.50009,0.52487,0.54041,0.0
32031002500,31.0,0.05979,1.0,0.98636,0.0,0.0769,1.0,0.15985,0.0,0.1668,1.0,0.05899,1.0,0.02371,1.0,0.10442,0.0,0.00937,1.0,0.78597,0.0,0.03766,1.0,0.0,1.0,0.0,1.0,0.04902,0.0,0.00857,1.0,0.0,1.0,0.0267,1.0,0.0,1.0,0.01495,1.0,0.0,1.0,0.0,1.0,0.00458,1.0,0.01271,0.05917,0.0,0.00053,0.01096,5098.0,4.99997,1019.6066,0.0686,0.03832,0.09869,0.04088,0.03972,0.70261,0.64536,0.5801,0.78355,0.50789,0.0,0.53555,0.47694,0.65782,0.40503,0.35174,0.74027,0.66088,0.69613,0.68148,0.62231,0.0
32031002603,31.0,0.02433,1.0,1.0,0.0,0.13024,0.0,0.03094,1.0,0.05737,1.0,0.00308,1.0,0.0,1.0,0.07588,0.0,0.01666,1.0,0.88896,0.0,0.0,1.0,0.0074,1.0,0.0,1.0,0.04688,0.0,0.0074,1.0,0.0,1.0,0.0,1.0,0.0,1.0,0.00308,1.0,0.0,1.0,0.0,1.0,0.0,1.0,0.00384,0.01501,0.0,0.00504,0.00468,1556.0,17.10508,90.96711,0.08224,9e-05,1e-05,0.0,0.0,0.80914,0.73509,0.57666,0.67828,0.7918,0.0,0.444,0.35318,0.01149,0.37311,0.2496,0.83591,0.72921,0.60191,0.68202,0.98744,0.0
32031002610,31.0,0.08297,0.0,0.9948,0.0,0.07275,0.0,0.05552,0.0,0.08885,1.0,0.04811,0.0,0.03108,1.0,0.32853,0.0,0.00544,1.0,0.54223,0.0,0.02862,1.0,0.00457,1.0,0.0,1.0,0.26602,0.0,0.0079,1.0,0.01633,1.0,0.0,1.0,0.0,1.0,0.04513,0.0,0.0,1.0,0.00193,1.0,0.0,1.0,0.01135,0.10801,0.0,0.00408,0.01104,5765.0,4.16104,1385.47069,0.06565,0.04323,0.07512,0.04052,0.04425,0.67646,0.75507,0.61121,0.65714,0.5539,0.0,0.45741,0.41841,0.52297,0.39688,0.483,0.71142,0.69705,0.70834,0.55681,0.499,0.0
32031002611,31.0,0.07993,1.0,0.95822,0.0,0.10848,0.0,0.242,0.0,0.17055,0.0,0.07713,0.0,0.04547,0.0,0.24209,0.0,0.0121,1.0,0.57666,0.0,0.05525,1.0,0.00124,1.0,0.0,1.0,0.17505,0.0,0.0059,1.0,0.0,1.0,0.00605,1.0,0.00155,1.0,0.0225,0.0,0.00155,1.0,0.0121,1.0,0.01381,1.0,0.0128,0.10234,0.0,0.00604,0.01098,6141.0,12.76822,480.95969,0.06536,0.02993,0.13974,0.01989,0.00051,0.6071,0.61274,0.59049,0.45443,0.37878,0.0,0.46055,0.44159,0.55302,0.39034,0.48312,0.64153,0.62222,0.68915,0.42623,0.32581,0.0
32031002612,31.0,0.01525,1.0,0.98743,0.0,0.10351,0.0,0.10566,0.0,0.07608,1.0,0.03679,1.0,0.00659,1.0,0.19895,0.0,0.01658,1.0,0.72633,0.0,0.04724,1.0,0.0,1.0,0.0,1.0,0.09857,0.0,0.00568,1.0,0.02044,1.0,0.0,1.0,0.0025,1.0,0.02975,1.0,0.00204,1.0,0.0025,1.0,0.0,1.0,0.01,0.12207,0.0,0.00126,0.00974,4067.0,40.50614,100.40453,0.08867,0.03628,0.30494,0.02475,0.07091,0.71398,0.65578,0.49523,0.66963,0.52148,0.0,0.46262,0.40014,0.68526,0.42394,0.36985,0.75943,0.66693,0.6281,0.56992,0.67167,0.0
32031002613,31.0,0.03804,0.0,1.0,0.0,0.11309,0.0,0.06916,0.0,0.04991,1.0,0.01269,1.0,0.02401,1.0,0.1343,0.0,0.00361,1.0,0.80634,0.0,0.00326,1.0,0.00583,1.0,0.0,1.0,0.11132,0.0,0.00377,1.0,0.00172,1.0,0.0,1.0,0.0,1.0,0.01012,1.0,0.0,1.0,0.0,1.0,0.0,1.0,0.01261,0.0,1.0,0.00037,0.01618,6549.0,24.4336,268.0325,0.07308,0.04578,0.16545,0.0098,0.11627,0.73435,0.67692,0.48395,0.62815,0.60522,0.0,0.46081,0.40485,0.63837,0.39428,0.4502,0.76482,0.69664,0.6531,0.58345,0.59105,0.0
32031002614,31.0,0.08468,0.0,0.88699,0.0,0.15667,0.0,0.07381,0.0,0.07913,1.0,0.03586,0.0,0.04627,1.0,0.35794,0.0,0.00463,1.0,0.45673,0.0,0.0435,1.0,0.0,1.0,0.00602,1.0,0.264,0.0,0.00347,1.0,0.00185,1.0,0.01296,1.0,0.00162,1.0,0.02429,1.0,0.0,1.0,0.0,1.0,0.0,1.0,0.00803,0.05987,0.0,0.00264,0.00704,4368.0,2.40173,1818.68709,0.05481,0.03452,0.11917,0.01767,0.1345,0.62314,0.65498,0.68012,0.5831,0.46933,0.0,0.4793,0.43601,0.52616,0.38408,0.51749,0.63269,0.62851,0.67221,0.5123,0.42477,0.0
32031002615,31.0,0.07659,1.0,0.97905,0.0,0.11903,0.0,0.11931,0.0,0.12091,1.0,0.10013,0.0,0.02983,0.0,0.2767,0.0,0.01758,1.0,0.4972,0.0,0.02104,1.0,0.0,1.0,0.00266,1.0,0.22876,0.0,0.0,1.0,0.0,1.0,0.0,1.0,0.00639,1.0,0.08016,0.0,0.0,1.0,0.0,1.0,0.0,1.0,0.00804,0.0,1.0,0.00158,0.0084,4609.0,4.37606,1053.22937,0.05731,0.01554,0.11885,0.00809,0.03519,0.67982,0.71348,0.72884,0.63064,0.4768,0.0,0.48322,0.41576,0.51268,0.40486,0.50716,0.67569,0.66074,0.65103,0.56327,0.54302,0.0
32031002616,31.0,0.11245,0.0,0.99232,0.0,0.10325,0.0,0.09298,0.0,0.09509,1.0,0.06316,0.0,0.0066,1.0,0.405,0.0,0.00624,1.0,0.50616,0.0,0.05049,1.0,0.00607,1.0,0.0,1.0,0.32061,0.0,0.01249,1.0,0.00375,1.0,0.0,1.0,0.0,1.0,0.04121,0.0,0.00285,1.0,0.0,1.0,0.0,1.0,0.00975,0.0703,0.0,0.00039,0.00868,5255.0,1.76039,2985.13519,0.05421,0.02588,0.11314,0.01196,0.0,0.63407,0.66234,0.58429,0.62562,0.43196,0.0,0.49058,0.41332,0.51586,0.39808,0.4298,0.66698,0.6349,0.5824,0.52281,0.57151,0.0
32031002618,31.0,0.07312,0.0,0.98824,0.0,0.07261,1.0,0.02071,1.0,0.04764,1.0,0.01831,1.0,0.01543,1.0,0.20818,0.0,0.01545,1.0,0.74144,0.0,0.00678,1.0,0.0061,1.0,0.0,1.0,0.09121,1.0,0.04763,1.0,0.0,1.0,0.0,1.0,0.00017,1.0,0.01509,1.0,0.0,1.0,0.0,1.0,0.0,1.0,0.01368,0.0,1.0,0.00684,0.01726,6308.0,74.86942,84.25335,0.07746,0.0395,0.00036,0.02418,0.16928,0.75682,0.70174,0.57114,0.68462,0.46413,0.0,0.43878,0.4406,0.546,0.32506,0.44512,0.78807,0.66985,0.74965,0.63125,0.61348,0.0
32031002620,31.0,0.0775,0.0,0.95251,0.0,0.08421,0.0,0.08258,0.0,0.03407,1.0,0.00873,1.0,0.03202,1.0,0.33042,0.0,0.0,1.0,0.5999,0.0,0.04862,0.0,0.0,1.0,0.0,1.0,0.27495,0.0,0.0,1.0,0.00308,1.0,0.00103,1.0,0.0,1.0,0.00668,1.0,0.00086,1.0,0.0,1.0,0.0,1.0,0.00805,0.05385,0.0,0.00235,0.00663,4003.0,5.95448,672.26641,,,,,,,,,,,,0.52992,0.47798,0.46995,0.41629,0.33991,0.68731,0.61988,0.64316,0.59259,0.43367,0.0
32031002621,31.0,0.0775,0.0,0.95251,0.0,0.08421,0.0,0.08258,0.0,0.03407,1.0,0.00873,1.0,0.03202,1.0,0.33042,0.0,0.0,1.0,0.5999,0.0,0.04862,0.0,0.0,1.0,0.0,1.0,0.27495,0.0,0.0,1.0,0.00308,1.0,0.00103,1.0,0.0,1.0,0.00668,1.0,0.00086,1.0,0.0,1.0,0.0,1.0,0.00402,0.04586,0.0,0.01083,0.00347,2046.0,14.86144,137.67175,,,,,,,,,,,,0.51113,0.39885,0.55671,0.38437,0.68399,0.68784,0.56666,0.63488,0.52005,0.46186,0.0
32031002622,31.0,0.08347,0.0,0.98172,0.0,0.12854,0.0,0.13857,0.0,0.10552,0.0,0.04575,0.0,0.03998,0.0,0.3446,0.0,0.02569,1.0,0.49395,0.0,0.07832,0.0,0.0,1.0,0.0,1.0,0.24018,0.0,0.00453,1.0,0.0011,1.0,0.01429,1.0,0.02459,1.0,0.00179,1.0,0.0022,1.0,0.00302,1.0,0.0,1.0,0.00766,0.39852,0.0,0.00863,0.00544,3909.0,3.80047,1028.55701,,,,,,,,,,,,0.47708,0.41385,0.49768,0.40635,0.45483,0.67383,0.62863,0.60582,0.59676,0.53731,0.0
32031002623,31.0,0.08348,0.0,0.98172,0.0,0.12854,0.0,0.13859,0.0,0.10552,0.0,0.04575,0.0,0.03998,0.0,0.34461,0.0,0.02569,1.0,0.49395,0.0,0.07831,0.0,0.0,1.0,0.0,1.0,0.24019,0.0,0.00453,1.0,0.0011,1.0,0.01429,1.0,0.02459,1.0,0.00179,1.0,0.0022,1.0,0.00302,1.0,0.0,1.0,0.0072,0.0,1.0,0.00224,0.00829,3505.0,6.64961,527.09879,,,,,,,,,,,,0.48044,0.4569,0.5396,0.4325,0.50348,0.7959,0.75055,0.69743,0.66209,0.66606,0.0
32031002703,31.0,0.21765,0.0,0.98434,0.0,0.13382,0.0,0.29259,0.0,0.09718,1.0,0.01394,1.0,0.0125,1.0,0.47409,0.0,0.00786,1.0,0.48803,0.0,0.03216,1.0,0.0,1.0,0.0,1.0,0.42622,0.0,0.00393,1.0,0.0,1.0,0.0,1.0,0.0,1.0,0.01393,1.0,0.0,1.0,0.0,1.0,0.0,1.0,0.00521,0.24515,0.0,0.00727,0.00346,2733.0,5.09276,536.64365,0.05539,0.00233,0.06078,1e-05,0.05487,0.58632,0.66572,0.48792,0.68648,0.3325,0.0,0.47882,0.44337,0.43642,0.34045,0.51729,0.59788,0.573,0.61928,0.52607,0.43598,0.0
32031002704,31.0,0.10718,0.0,0.97037,0.0,0.1258,0.0,0.12347,0.0,0.10036,1.0,0.00636,1.0,0.02764,1.0,0.45709,0.0,0.03164,1.0,0.46891,0.0,0.04273,0.0,0.0,1.0,0.0,1.0,0.376,0.0,0.00891,1.0,0.0,1.0,0.00636,1.0,0.0,1.0,0.00382,1.0,0.0,1.0,0.0,1.0,0.0,1.0,0.01016,0.31402,0.0,0.0007,0.00647,4858.0,5.4112,897.76841,0.05297,0.01598,0.01075,0.0,0.0033,0.62754,0.67378,0.69815,0.64489,0.47863,0.0,0.49183,0.42259,0.52184,0.34323,0.65671,0.62654,0.60823,0.55382,0.52104,0.49763,0.0
32031002705,31.0,0.17583,0.0,0.98498,0.0,0.14497,0.0,0.15671,0.0,0.0923,1.0,0.03193,1.0,0.0,1.0,0.44087,0.0,0.00474,1.0,0.46621,0.0,0.03914,1.0,0.00185,1.0,0.0,1.0,0.36877,0.0,0.0,1.0,0.00639,1.0,0.0,1.0,0.00124,1.0,0.01174,1.0,0.0,1.0,0.0035,1.0,0.00577,1.0,0.00863,0.06159,0.0,0.00086,0.00852,5250.0,23.99012,218.84013,0.06603,0.02543,0.01152,0.02719,0.13858,0.6534,0.68299,0.5775,0.63822,0.59853,0.0,0.45363,0.39349,0.498,0.33774,0.44238,0.67008,0.61835,0.73902,0.51009,0.59194,0.0
32031002706,31.0,0.13902,0.0,0.97203,0.0,0.11865,0.0,0.13628,0.0,0.05273,1.0,0.01642,1.0,0.04713,1.0,0.44408,0.0,0.0481,1.0,0.4265,0.0,0.03689,1.0,0.00869,1.0,0.01004,1.0,0.32528,0.0,0.0,1.0,0.01468,1.0,0.0,1.0,0.0,1.0,0.00328,1.0,0.0,1.0,0.00695,1.0,0.0,1.0,0.00969,0.15947,0.0,0.00024,0.00939,5134.0,2.73446,1877.52163,0.05342,0.01612,0.02264,0.0,0.0,0.6759,0.71269,0.628,0.6317,0.5299,0.0,0.43426,0.40624,0.59896,0.37317,0.34318,0.70113,0.66237,0.64375,0.56711,0.43254,0.0
32031002707,31.0,0.17697,0.0,0.96942,0.0,0.10112,0.0,0.06566,0.0,0.08565,1.0,0.02504,1.0,0.00463,1.0,0.43371,0.0,0.04188,1.0,0.44655,0.0,0.00779,1.0,0.02778,1.0,0.0,1.0,0.38173,0.0,0.00652,1.0,0.0,1.0,0.0,1.0,0.0,1.0,0.01957,1.0,0.00547,1.0,0.0,1.0,0.0,1.0,0.00902,0.14915,0.0,0.00069,0.0079,5209.0,4.81011,1082.928,0.05018,0.00951,0.0,0.0,0.03502,0.64348,0.72752,0.56071,0.66578,0.4398,0.0,0.44974,0.38338,0.55416,0.32763,0.55162,0.64952,0.61363,0.69809,0.51814,0.42539,0.0
32031002801,31.0,0.15381,0.0,0.91457,0.0,0.10904,0.0,0.09506,0.0,0.09643,1.0,0.0514,0.0,0.0348,1.0,0.43507,0.0,0.00318,1.0,0.43302,0.0,0.05822,1.0,0.0,1.0,0.0,1.0,0.34819,0.0,0.00273,1.0,0.02388,1.0,0.0141,1.0,0.00273,1.0,0.03457,1.0,0.0,1.0,0.0,1.0,0.0,1.0,0.00855,0.12281,0.0,0.00601,0.0069,4930.0,3.26207,1511.30806,0.05597,0.00941,0.00643,0.0,0.03964,0.71044,0.71693,0.55647,0.69563,0.64413,0.0,0.54522,0.4985,0.61649,0.45009,0.45523,0.6997,0.64949,0.67044,0.58523,0.59096,0.0
32031002802,31.0,0.21416,0.0,0.96294,0.0,0.10152,0.0,0.16939,0.0,0.09699,1.0,0.04712,0.0,0.00017,1.0,0.57214,0.0,0.00499,1.0,0.33844,0.0,0.0184,1.0,0.0,1.0,0.0,1.0,0.54325,0.0,0.00275,1.0,0.00241,1.0,0.00206,1.0,0.0,1.0,0.03302,1.0,0.00946,1.0,0.0,1.0,0.00258,1.0,0.0093,0.16836,0.0,0.00096,0.00752,5524.0,1.43709,3843.8815,0.05323,0.01358,0.03944,0.0,0.03282,0.6753,0.69868,0.61819,0.73294,0.54081,0.0,0.51963,0.47282,0.63958,0.42926,0.71004,0.66729,0.64025,0.73514,0.57002,0.37896,0.0
32031002901,31.0,0.08394,0.0,0.96223,0.0,0.13597,0.0,0.04756,0.0,0.06984,1.0,0.02748,1.0,0.02694,1.0,0.30295,0.0,2e-05,1.0,0.58368,0.0,0.01521,1.0,0.0,1.0,4e-05,1.0,0.28209,0.0,0.00541,1.0,0.0,1.0,0.01488,1.0,0.00036,1.0,0.01013,1.0,0.0,1.0,0.00013,1.0,9e-05,1.0,0.00773,0.08532,0.0,0.00197,0.00726,3706.0,1.42607,2598.75414,0.06438,0.01099,0.10032,0.04456,0.0,0.73053,0.79114,0.43471,0.69231,0.65716,0.0,0.52784,0.47329,0.72796,0.46421,0.54858,0.78152,0.69835,0.49944,0.58961,0.50041,0.0
32031002902,31.0,0.12151,0.0,0.95471,0.0,0.11018,0.0,0.10043,0.0,0.06387,1.0,0.04317,1.0,0.0207,1.0,0.42691,0.0,0.01262,1.0,0.47513,0.0,0.04822,0.0,0.0,1.0,0.0,1.0,0.34789,0.0,0.02348,1.0,0.00177,1.0,0.0,1.0,0.0,1.0,0.04317,1.0,0.0,1.0,0.0,1.0,0.0,1.0,0.00775,0.0638,0.0,0.00127,0.00719,4276.0,1.59441,2681.87001,0.05665,0.02237,0.16666,0.04054,0.0,0.72354,0.74253,0.66665,0.70475,0.44186,0.0,0.54837,0.52527,0.59999,0.46237,0.56667,0.7497,0.70393,0.74999,0.60784,0.63829,0.0
32031003001,31.0,0.1649,0.0,0.91143,0.0,0.12588,1.0,0.21673,0.0,0.11599,1.0,0.01707,1.0,0.00988,1.0,0.42162,0.0,0.01312,1.0,0.49697,0.0,0.04741,1.0,0.00183,1.0,0.0,1.0,0.34133,0.0,0.0,1.0,0.0,1.0,0.00296,1.0,0.0,1.0,0.0072,1.0,0.00409,1.0,0.00282,1.0,0.0,1.0,0.00736,0.04483,0.0,0.00708,0.00615,3873.0,1.34323,2883.35182,,,,,,,,,,,,0.56454,0.47495,0.36864,0.48602,0.55708,0.70741,0.64293,0.71642,0.51979,0.59394,0.0
32031003002,31.0,0.1649,0.0,0.91143,0.0,0.12588,1.0,0.21673,0.0,0.11599,1.0,0.01707,1.0,0.00988,1.0,0.42162,0.0,0.01312,1.0,0.49697,0.0,0.04741,1.0,0.00183,1.0,0.0,1.0,0.34133,0.0,0.0,1.0,0.0,1.0,0.00296,1.0,0.0,1.0,0.0072,1.0,0.00409,1.0,0.00282,1.0,0.0,1.0,0.00673,0.1511,0.0,0.00285,0.00406,3293.0,0.92224,3570.63824,,,,,,,,,,,,0.56591,0.49445,0.64775,0.43609,0.61167,0.57733,0.5264,0.36058,0.48157,0.45797,0.0
32031003105,31.0,0.04486,1.0,0.9805,0.0,0.07491,0.0,0.06719,0.0,0.06526,1.0,0.06213,0.0,0.01752,1.0,0.1586,0.0,0.00922,1.0,0.72254,0.0,0.01378,1.0,0.0,1.0,0.00011,1.0,0.13544,0.0,0.0,1.0,0.00542,1.0,1e-05,1.0,0.01843,1.0,0.02645,0.0,0.0,1.0,0.00743,1.0,0.00981,1.0,0.00572,0.10565,0.0,0.0012,0.0052,2291.0,1.2722,1800.82132,0.07135,0.03054,4e-05,0.05674,0.14319,0.76766,0.72585,0.64664,0.66013,0.46645,0.0,0.52308,0.42831,0.621,0.45288,0.2001,0.79533,0.71258,0.7241,0.61598,0.38373,0.0
32031003106,31.0,0.15675,0.0,0.9673,0.0,0.09233,0.0,0.05806,0.0,0.08667,1.0,0.10299,0.0,0.0,1.0,0.39757,0.0,0.00677,1.0,0.43116,0.0,0.05294,1.0,0.00912,1.0,0.0,1.0,0.30191,0.0,0.01341,1.0,0.00276,1.0,0.01977,1.0,0.01921,1.0,0.03539,1.0,0.00525,1.0,0.00608,1.0,0.00415,1.0,0.01544,0.07398,0.0,0.00086,0.0142,7609.0,2.19438,3467.49063,0.05778,0.01756,0.0381,0.01688,0.06575,0.72094,0.74582,0.68655,0.71393,0.62107,0.0,0.52573,0.50602,0.63043,0.4572,0.60718,0.72426,0.66602,0.78675,0.60283,0.61844,0.0
32031003108,31.0,0.05411,1.0,0.97244,0.0,0.06408,1.0,0.03319,1.0,0.10664,1.0,0.04021,0.0,0.0146,1.0,0.2398,0.0,0.04677,1.0,0.62198,0.0,0.01638,1.0,0.00209,1.0,0.0,1.0,0.20018,0.0,0.0,1.0,0.0,1.0,0.00209,1.0,0.00119,1.0,0.02383,1.0,0.0,1.0,0.0,1.0,0.01311,1.0,0.00773,0.08274,0.0,0.00117,0.00795,3303.0,2.03146,1625.92332,0.06971,0.02234,0.08699,0.05577,0.10221,0.76137,0.72402,0.75272,0.72194,0.64985,0.0,0.49194,0.47104,0.67772,0.40642,0.71174,0.81031,0.70561,0.79726,0.63037,0.60054,0.0
32031003109,31.0,0.03378,0.0,0.98847,0.0,0.10477,0.0,0.03778,0.0,0.05284,1.0,0.12045,0.0,0.02812,1.0,0.07528,0.0,0.0054,1.0,0.71989,0.0,0.0,1.0,0.0,1.0,0.0,1.0,0.03409,1.0,0.0071,1.0,0.01847,1.0,0.00426,1.0,0.00028,1.0,0.02472,1.0,0.00483,1.0,0.06392,0.0,0.0,1.0,0.00898,0.09313,0.0,0.00172,0.00691,3378.0,2.20987,1528.59767,0.14411,0.02875,0.10269,0.01786,0.10286,0.78844,0.75022,0.62738,0.80738,0.5575,0.0,0.59717,0.46268,0.66639,0.4301,0.44486,0.79718,0.68342,0.73923,0.66218,0.59204,0.0
32031003110,31.0,0.04761,1.0,0.93251,0.0,0.10174,0.0,0.00867,1.0,0.08728,1.0,0.08517,0.0,0.01695,1.0,0.19809,0.0,0.00385,1.0,0.68611,0.0,0.00309,1.0,0.0,1.0,0.00366,1.0,0.18286,0.0,0.0,1.0,0.0,1.0,0.01734,1.0,0.01696,1.0,0.04817,1.0,0.0027,1.0,0.0,1.0,0.0,1.0,0.0121,0.1051,0.0,0.00256,0.0105,5191.0,1.81752,2856.08289,0.07803,0.02416,0.03922,0.05814,1e-05,0.74134,0.72887,0.63355,0.688,0.48486,0.0,0.5342,0.46974,0.56097,0.41789,0.45464,0.76143,0.70376,0.6406,0.64135,0.62831,0.0
32031003111,31.0,0.08766,1.0,0.85263,0.0,0.18411,0.0,0.11585,0.0,0.10928,1.0,0.04799,1.0,0.05605,1.0,0.36751,0.0,6e-05,1.0,0.51349,0.0,0.15604,0.0,0.0,1.0,0.0,1.0,0.17957,0.0,0.02786,1.0,1e-05,1.0,0.0,1.0,0.01437,1.0,0.01747,1.0,0.0,1.0,0.0,1.0,0.0,1.0,0.00423,0.0,1.0,0.13817,0.00308,2363.0,20.44266,115.59158,,,,,,,,,,,,0.57835,0.44553,0.5108,0.43859,0.44593,0.59335,0.50263,0.60576,0.47606,0.34101,0.0
32031003112,31.0,0.08768,1.0,0.85321,0.0,0.184,0.0,0.11544,0.0,0.10934,1.0,0.04803,1.0,0.056,1.0,0.36786,0.0,0.0,1.0,0.51328,0.0,0.15626,0.0,0.0,1.0,0.0,1.0,0.17973,0.0,0.02789,1.0,0.0,1.0,0.0,1.0,0.01439,1.0,0.01749,1.0,0.0,1.0,0.0,1.0,0.0,1.0,0.00569,0.0,1.0,0.00394,0.00406,3072.0,1.04541,2938.56438,,,,,,,,,,,,0.54841,0.49245,0.50952,0.38203,0.5,0.55217,0.50795,0.56681,0.45874,0.44537,0.0
32031003203,31.0,0.02177,1.0,0.99442,0.0,0.06588,0.0,0.05129,0.0,0.03643,1.0,0.00812,1.0,0.00416,1.0,0.0648,0.0,0.00592,1.0,0.89901,0.0,8e-05,1.0,0.00768,1.0,0.0,1.0,0.03902,0.0,0.00244,1.0,0.01337,1.0,0.0,1.0,0.00263,1.0,0.00548,1.0,0.0,1.0,1e-05,1.0,0.0,1.0,0.01169,0.0,1.0,0.00367,0.01547,5173.0,42.02425,123.09561,0.13094,0.104,0.14008,0.21851,9e-05,0.82022,0.76882,0.68878,0.70674,0.80262,0.0,0.52152,0.56591,0.46154,0.46327,0.68493,0.86559,0.80741,0.69624,0.78269,0.62823,0.0
32031003205,31.0,0.0225,1.0,0.97561,0.0,0.13911,0.0,0.07401,0.0,0.07153,1.0,0.03771,1.0,0.01098,1.0,0.162,0.0,0.00549,1.0,0.74841,0.0,0.00761,1.0,0.0,1.0,0.0,1.0,0.13863,0.0,0.00673,1.0,0.0,1.0,0.00336,1.0,0.01275,1.0,0.01133,1.0,0.00744,1.0,0.0,1.0,0.0,1.0,0.00806,0.0,1.0,0.00147,0.01135,4084.0,70.3789,58.02875,,,,,,,,,,,,0.45713,0.38594,0.80002,0.32475,0.50007,0.82732,0.65518,0.88227,0.69534,0.33341,0.0
32031003206,31.0,0.01178,1.0,0.99328,0.0,0.04818,1.0,0.08856,0.0,0.02402,1.0,0.00346,1.0,1e-05,1.0,0.0643,0.0,0.00343,1.0,0.9232,0.0,0.0295,1.0,0.0047,1.0,0.0,1.0,0.00914,1.0,0.01069,1.0,0.00299,1.0,0.0,1.0,1e-05,1.0,1e-05,1.0,1e-05,1.0,0.00342,1.0,0.0,1.0,0.00506,0.13521,0.0,0.0027,0.00474,1563.0,130.08953,12.0148,,,,,,,,,,,,0.51996,0.44778,0.93318,0.49574,0.33341,0.85373,0.78076,0.74973,0.76255,0.41267,0.0
32031003207,31.0,0.02048,1.0,0.97898,0.0,0.12254,0.0,0.07669,0.0,0.06277,1.0,0.0314,1.0,0.00896,1.0,0.14399,0.0,0.00511,1.0,0.78063,0.0,0.01165,1.0,0.00087,1.0,0.0,1.0,0.11476,0.0,0.00746,1.0,0.00055,1.0,0.00274,1.0,0.0104,1.0,0.00925,1.0,0.00607,1.0,0.00063,1.0,0.0,1.0,0.00759,0.0,1.0,0.00063,0.01141,3588.0,102.15695,35.12243,,,,,,,,,,,,0.46676,0.40541,0.55554,0.36882,0.39998,0.85272,0.78687,0.69236,0.7103,0.82867,0.0
32031003305,31.0,0.06455,1.0,1.0,1.0,0.02575,1.0,0.15648,0.0,0.10701,1.0,0.03782,1.0,0.00277,1.0,0.15221,0.0,0.0,1.0,0.8072,0.0,0.02491,1.0,0.0,1.0,0.0,1.0,0.12731,1.0,0.0,1.0,0.0,1.0,0.0,1.0,0.02399,1.0,0.00738,1.0,0.0,1.0,0.0,1.0,0.0,1.0,0.00256,0.0,1.0,0.00134,0.00328,1160.0,1.45794,795.64054,0.19164,0.00666,0.32985,0.24099,0.0,0.69384,0.66945,0.52044,0.72787,,0.0,0.50654,0.37911,0.56359,0.56071,0.8328,0.74307,0.65702,0.59784,0.64166,0.75118,0.0
32031003306,31.0,0.31068,0.0,0.95912,0.0,0.02071,1.0,0.10803,0.0,0.05769,1.0,0.01753,1.0,0.00622,1.0,0.53903,0.0,0.01188,1.0,0.39706,0.0,0.04299,1.0,0.0,1.0,0.0,1.0,0.4655,0.0,0.00509,1.0,0.0,1.0,0.0,1.0,0.01188,1.0,0.0,1.0,0.0,1.0,0.0,1.0,0.0,1.0,0.00275,0.0,1.0,0.00273,0.00402,1826.0,1.5836,1153.06974,0.17808,0.01318,0.3478,0.21543,0.0,0.64972,0.64886,0.46007,0.62354,,0.0,0.50491,0.4013,0.78516,0.49847,0.75,0.72348,0.61798,0.45099,0.63611,0.99986,0.0
32031003307,31.0,0.02152,1.0,1.0,0.0,0.01797,1.0,0.09367,1.0,0.20732,1.0,0.03049,1.0,0.00152,1.0,0.12195,1.0,0.00686,1.0,0.83918,0.0,0.00991,1.0,0.01601,1.0,0.0,1.0,0.08841,1.0,0.00381,1.0,0.00381,1.0,0.01143,1.0,0.00686,1.0,0.0,1.0,0.00915,1.0,0.00305,1.0,0.0,1.0,0.00358,0.0,1.0,0.00647,0.00369,1269.0,2.33175,544.22716,0.22983,0.11755,0.20001,0.22006,0.0,0.64414,0.63029,0.49694,0.60466,0.30144,0.0,0.51172,0.41443,0.52215,0.53917,0.99997,0.73625,0.6257,0.6894,0.57142,0.15422,0.0
32031003308,31.0,0.00375,1.0,0.97858,0.0,0.0431,1.0,0.02579,1.0,0.01763,1.0,0.03434,1.0,0.0,1.0,0.03341,1.0,0.01624,1.0,0.88445,0.0,0.0,1.0,0.0,1.0,0.0,1.0,0.02552,1.0,0.00093,1.0,0.00278,1.0,0.0,1.0,0.01067,1.0,0.00557,1.0,0.0,1.0,0.0,1.0,0.00974,1.0,0.00602,0.0,1.0,0.0019,0.00826,2423.0,18.72257,129.41599,0.21962,0.09269,0.77038,0.35216,0.0,0.70403,0.82303,0.28243,0.57288,,0.0,0.51991,0.33894,0.44381,0.68945,1.0,0.77198,0.79702,0.63656,0.66954,0.99995,0.0
32031003310,31.0,0.01324,1.0,1.0,0.0,0.02003,1.0,0.04183,0.0,0.02881,1.0,0.0,1.0,0.01066,1.0,0.08287,1.0,0.00552,1.0,0.88516,0.0,0.0,1.0,0.0,1.0,0.0,1.0,0.08287,1.0,0.0,1.0,0.0,1.0,0.0,1.0,0.0,1.0,0.0,1.0,0.0,1.0,0.0,1.0,0.0,1.0,0.00652,0.29933,0.0,0.00161,0.00452,1448.0,40.91535,35.39014,,,,,,,,,,,,0.51093,0.41639,0.64398,0.58471,1.0,0.75929,0.72046,0.86035,0.71275,0.99965,0.0
32031003311,31.0,0.01324,1.0,1.0,0.0,0.02003,1.0,0.04183,0.0,0.02881,1.0,0.0,1.0,0.01066,1.0,0.08287,1.0,0.00552,1.0,0.88516,0.0,0.0,1.0,0.0,1.0,0.0,1.0,0.08287,1.0,0.0,1.0,0.0,1.0,0.0,1.0,0.0,1.0,0.0,1.0,0.0,1.0,0.0,1.0,0.0,1.0,0.00043,0.0,1.0,0.00184,0.00477,1693.0,2.60624,649.59566,,,,,,,,,,,,0.5366,0.37032,0.75118,0.56325,0.99999,0.72856,0.6325,0.82385,0.56942,0.15719,0.0
32031003501,31.0,0.0048,1.0,0.97155,0.0,0.1243,0.0,0.11549,0.0,0.04599,1.0,0.0,1.0,0.00632,1.0,0.06773,0.0,0.14228,0.0,0.75158,0.0,0.0,1.0,0.0,1.0,0.0,1.0,0.0508,0.0,0.00253,1.0,0.0,1.0,0.0,1.0,0.0,1.0,0.0,1.0,0.0,1.0,0.0,1.0,0.0,1.0,0.00982,0.0,1.0,0.00341,0.01116,4235.0,13370.9678,0.31673,0.25271,0.15803,0.0,0.1593,0.17487,0.7658,0.61216,,0.64864,0.50663,0.0,0.50987,0.50635,0.82551,0.40322,0.33886,0.80922,0.66601,0.57349,0.66565,0.66069,0.0
32031003503,31.0,0.03909,1.0,0.98861,0.0,0.10635,0.0,0.10505,0.0,0.04987,1.0,0.01553,1.0,0.0131,1.0,0.17736,0.0,0.00748,1.0,0.76334,0.0,0.02445,1.0,0.00746,1.0,0.0,1.0,0.13408,0.0,0.00437,1.0,0.00196,1.0,0.00153,1.0,0.00371,1.0,3e-05,1.0,0.0059,1.0,0.00436,1.0,0.0,1.0,0.01026,0.0,1.0,0.00281,0.01269,4352.0,20.73908,209.84535,0.06105,0.04179,1e-05,0.01317,0.16021,0.76547,0.78328,0.44545,0.64418,0.72495,0.0,0.44206,0.4893,0.50742,0.40362,0.44159,0.82013,0.73237,0.73239,0.65097,0.79234,0.0
32031003507,31.0,0.03396,1.0,0.97995,0.0,0.03798,1.0,0.03348,1.0,0.05611,1.0,0.04018,0.0,0.00854,1.0,0.16278,0.0,0.0,1.0,0.74671,0.0,0.0254,1.0,0.0,1.0,0.0,1.0,0.10159,0.0,0.02447,1.0,0.00854,1.0,0.0,1.0,0.0,1.0,0.03879,1.0,0.00346,1.0,0.0,1.0,0.00508,1.0,0.00994,0.0,1.0,0.00244,0.01076,4226.0,3.5496,1190.55597,0.08943,0.07816,0.05148,0.07131,0.02852,0.79353,0.69171,0.71162,0.68272,0.793,0.0,0.52361,0.50653,0.69821,0.41814,0.52605,0.82973,0.71908,0.75167,0.67562,0.70767,0.0
32031003508,31.0,0.04397,1.0,0.99914,0.0,0.07998,0.0,0.05248,0.0,0.0647,1.0,0.03854,0.0,0.00656,1.0,0.13034,0.0,0.00114,1.0,0.79349,0.0,0.01344,1.0,0.0,1.0,0.00162,1.0,0.10717,0.0,4e-05,1.0,0.00019,1.0,0.00012,1.0,0.01329,1.0,0.0159,1.0,0.0,1.0,0.00488,1.0,0.00327,1.0,0.00827,0.0,1.0,0.00886,0.00987,4282.0,4.62856,925.12646,0.07294,0.02782,0.03069,0.04223,0.08118,0.80738,0.74322,0.78747,0.71042,0.77446,0.0,0.51813,0.50792,0.6649,0.41519,0.47902,0.8062,0.6654,0.68626,0.61661,0.79027,0.0
32031003510,31.0,0.12152,0.0,0.98023,0.0,0.04779,1.0,0.12173,0.0,0.06269,1.0,0.07619,0.0,0.01237,1.0,0.2966,0.0,0.0104,1.0,0.57858,0.0,0.03852,1.0,0.0,1.0,0.0,1.0,0.23278,0.0,0.0,1.0,0.0059,1.0,0.0,1.0,0.0,1.0,0.03964,0.0,0.0,1.0,0.0,1.0,0.0,1.0,0.00743,0.0,1.0,0.00126,0.0078,3694.0,1.79278,2060.48839,0.05905,0.00346,0.00014,0.01781,0.09015,0.73113,0.72276,0.64557,0.73922,0.59472,0.0,0.49697,0.45731,0.57518,0.43997,0.35725,0.75467,0.70232,0.75105,0.62343,0.60092,0.0
32031003511,31.0,0.01233,1.0,0.98256,0.0,0.05056,0.0,0.03167,1.0,0.03695,1.0,0.02942,0.0,0.02996,1.0,0.12015,0.0,0.00421,1.0,0.7898,0.0,0.00794,1.0,1e-05,1.0,0.0,1.0,0.08958,0.0,7e-05,1.0,0.01552,1.0,0.00637,1.0,0.00417,1.0,0.00702,1.0,0.00219,1.0,0.00383,1.0,0.0011,1.0,0.01259,0.0,1.0,0.00173,0.01414,5588.0,4.81821,1159.76582,0.08148,0.05196,0.11146,0.04932,0.07895,0.80042,0.7492,0.78347,0.73019,0.76902,0.0,0.52731,0.48711,0.59384,0.45801,0.53325,0.82448,0.76096,0.75676,0.65564,0.70849,0.0
32031003512,31.0,0.04186,1.0,0.98537,0.0,0.12029,0.0,0.06984,0.0,0.04184,1.0,0.05663,0.0,0.01362,1.0,0.12026,0.0,0.00856,1.0,0.75482,0.0,0.02685,1.0,0.0,1.0,0.0,1.0,0.08757,0.0,0.0,1.0,0.0,1.0,0.0,1.0,0.01537,1.0,0.02432,1.0,0.00234,1.0,0.0,1.0,0.01459,1.0,0.01182,0.03058,0.0,0.00061,0.01119,4748.0,7.80971,607.96075,0.07156,0.03097,0.04465,0.06094,0.10675,0.78275,0.77464,0.60285,0.71249,0.486,0.0,0.557,0.44301,0.71938,0.50637,0.59334,0.82791,0.75946,0.74391,0.699,0.74493,0.0
32031003513,31.0,0.06204,0.0,0.98031,0.0,0.09354,0.0,0.02782,1.0,0.04439,1.0,0.04558,0.0,0.00414,1.0,0.21841,0.0,0.0,1.0,0.70405,0.0,0.0438,1.0,0.0,1.0,0.0,1.0,0.1317,0.0,0.00355,1.0,0.01835,1.0,0.0,1.0,0.0,1.0,0.01835,1.0,0.00355,1.0,0.00326,1.0,0.01332,1.0,0.00776,0.0,1.0,0.00126,0.00928,4285.0,12.51649,342.34842,0.07536,0.03803,0.09447,0.01693,0.0,0.74829,0.729,0.60952,0.74581,0.54728,0.0,0.52431,0.39542,0.69137,0.41851,0.34484,0.76705,0.73111,0.73451,0.63822,0.55238,0.0
32031003514,31.0,0.03764,1.0,0.98213,0.0,0.03928,1.0,0.05802,0.0,0.03692,1.0,0.01934,1.0,0.01547,1.0,0.0538,0.0,0.01653,1.0,0.85302,0.0,0.00387,1.0,0.0,1.0,0.0,1.0,0.04219,1.0,0.0,1.0,0.00316,1.0,0.01653,1.0,0.00281,1.0,0.0,1.0,0.0,1.0,0.0,1.0,0.0,1.0,0.00701,0.0,1.0,0.00157,0.01071,3054.0,7.08043,431.32947,0.08187,0.08057,0.0,0.08768,0.06338,0.82295,0.73566,0.99643,0.8504,0.80096,0.0,0.42413,0.42058,0.19838,0.37032,0.2348,0.87724,0.8374,0.55885,0.73811,0.8307,0.0
32031003516,31.0,0.01022,1.0,0.99559,0.0,0.06997,0.0,0.03132,0.0,0.03817,1.0,0.08422,0.0,0.00893,1.0,0.0656,0.0,0.011,1.0,0.79026,0.0,0.0,1.0,0.0,1.0,0.0,1.0,0.03352,1.0,0.01436,1.0,0.0,1.0,0.00828,1.0,0.02393,0.0,0.02251,1.0,0.00582,1.0,0.00259,1.0,0.0,1.0,0.00693,0.0,1.0,0.00038,0.00986,3704.0,101.67192,36.4309,,,,,,,,,,,,0.49162,0.46583,0.48836,0.40066,0.55532,0.81893,0.73154,0.77137,0.72236,0.67328,0.0
32031003517,31.0,0.01022,1.0,0.99559,0.0,0.06998,0.0,0.03131,0.0,0.03817,1.0,0.08424,0.0,0.00893,1.0,0.06561,0.0,0.011,1.0,0.79024,0.0,0.0,1.0,0.0,1.0,0.0,1.0,0.03351,1.0,0.01436,1.0,0.0,1.0,0.00828,1.0,0.02394,0.0,0.02252,1.0,0.00582,1.0,0.00259,1.0,0.0,1.0,0.01094,0.0,1.0,0.00026,0.01341,5841.0,4.23662,1378.69436,,,,,,,,,,,,0.54161,0.53419,0.62594,0.46199,0.54142,0.81861,0.75498,0.79807,0.64855,0.60489,0.0
32031003518,31.0,0.00717,1.0,0.96157,0.0,0.09139,0.0,0.06106,1.0,0.03617,1.0,0.01957,1.0,0.03267,1.0,0.08154,0.0,0.00557,1.0,0.84327,0.0,0.00739,1.0,0.0,1.0,0.0,1.0,0.06209,0.0,0.00985,1.0,0.0022,1.0,0.0,1.0,0.0,1.0,0.01815,1.0,0.00311,1.0,0.00467,1.0,0.0,1.0,0.00771,0.0,1.0,0.0021,0.01108,3739.0,3.94578,947.59495,,,,,,,,,,,,0.43676,0.48223,0.79516,0.31672,0.30593,0.80395,0.75088,0.58194,0.64761,0.69553,0.0
32031003519,31.0,0.00717,1.0,0.96157,0.0,0.09139,0.0,0.06106,1.0,0.03617,1.0,0.01957,1.0,0.03267,1.0,0.08154,0.0,0.00557,1.0,0.84327,0.0,0.00739,1.0,0.0,1.0,0.0,1.0,0.06209,0.0,0.00985,1.0,0.0022,1.0,0.0,1.0,0.0,1.0,0.01815,1.0,0.00311,1.0,0.00467,1.0,0.0,1.0,0.00978,0.0,1.0,0.00562,0.01563,5013.0,23.82087,210.44571,,,,,,,,,,,,0.41725,0.52242,0.5823,0.36752,0.6067,0.8375,0.73322,0.78472,0.69552,0.83942,0.0
32031003520,31.0,0.05651,1.0,0.95998,0.0,0.04456,0.0,0.06884,0.0,0.08623,1.0,0.03735,0.0,0.03633,1.0,0.23636,0.0,0.00627,1.0,0.65553,0.0,0.02539,1.0,0.0019,1.0,0.0,1.0,0.15451,0.0,0.01226,1.0,0.01765,1.0,0.0035,1.0,0.0,1.0,0.02189,1.0,0.00146,1.0,0.00336,1.0,0.00219,1.0,0.00415,0.0,1.0,0.00131,0.00519,2559.0,5.76194,444.12146,,,,,,,,,,,,0.50934,0.47402,0.67747,0.41584,0.47413,0.70441,0.63131,0.72258,0.58036,0.58441,0.0
32031003521,31.0,0.05651,1.0,0.95998,0.0,0.04456,0.0,0.06884,0.0,0.08623,1.0,0.03735,0.0,0.03633,1.0,0.23636,0.0,0.00627,1.0,0.65553,0.0,0.02539,1.0,0.0019,1.0,0.0,1.0,0.15451,0.0,0.01226,1.0,0.01765,1.0,0.0035,1.0,0.0,1.0,0.02189,1.0,0.00146,1.0,0.00336,1.0,0.00219,1.0,0.00419,0.0,1.0,0.00117,0.00502,2516.0,1.57299,1599.4972,,,,,,,,,,,,0.53227,0.50865,0.62282,0.45204,0.47667,0.76654,0.70798,0.67714,0.63345,0.66121,0.0
32031003522,31.0,0.05651,1.0,0.95998,0.0,0.04456,0.0,0.06884,0.0,0.08623,1.0,0.03735,0.0,0.03633,1.0,0.23636,0.0,0.00627,1.0,0.65553,0.0,0.02539,1.0,0.0019,1.0,0.0,1.0,0.15451,0.0,0.01226,1.0,0.01765,1.0,0.0035,1.0,0.0,1.0,0.02189,1.0,0.00146,1.0,0.00336,1.0,0.00219,1.0,0.0061,0.0,1.0,0.00093,0.00764,3589.0,4.17405,859.83617,,,,,,,,,,,,0.50577,0.42449,0.68858,0.37815,0.43956,0.71432,0.66179,0.71675,0.59932,0.6198,0.0
32031940200,31.0,0.0183,1.0,0.94932,0.0,0.14374,0.0,0.1648,0.0,0.06885,1.0,0.00787,1.0,0.00918,1.0,0.05639,0.0,0.58885,0.0,0.28525,0.0,0.00197,1.0,0.0,1.0,0.0,1.0,0.05049,0.0,0.0,1.0,0.0,1.0,0.0,1.0,0.0,1.0,0.00459,1.0,0.0,1.0,0.0,1.0,0.00328,1.0,0.00392,0.07528,0.0,0.00168,0.00366,1928.0,1464.26839,1.3167,0.16423,0.0,0.0,0.0,0.0,0.64669,0.4649,0.0,0.4294,0.39193,0.0,0.45097,0.44261,,0.39563,0.5703,0.70037,0.49068,0.0,0.55258,0.46092,0.0
32031980000,31.0,0.03704,1.0,0.84724,1.0,0.09659,1.0,0.30347,1.0,0.03704,1.0,0.03704,1.0,0.14815,1.0,0.12038,1.0,0.0,1.0,0.69444,1.0,0.0,1.0,0.0,1.0,0.0,1.0,0.02779,1.0,0.0,1.0,0.0,1.0,0.0,1.0,0.03704,1.0,0.0,1.0,0.0,1.0,0.0,1.0,0.0,1.0,1e-05,0.0,1.0,0.06455,6e-05,167.0,10.30353,16.20803,0.1424,6e-05,0.00313,0.0,0.0,0.61116,0.66955,0.00496,0.04644,0.26366,0.0,0.46192,0.31483,0.04513,0.09562,0.03913,0.4659,0.55933,0.97232,0.43188,0.30569,0.0
32031980100,31.0,,1.0,,1.0,,1.0,,1.0,,1.0,,1.0,,1.0,,1.0,,1.0,,1.0,,1.0,,1.0,,1.0,,1.0,,1.0,,1.0,,1.0,,1.0,,1.0,,1.0,,1.0,,1.0,0.0,0.0,1.0,0.00751,0.0,0.0,15.25794,0.0,0.0,0.0,0.0,0.0,0.0,0.0,0.0,0.0,0.0,0.0,0.0,0.0,0.0,0.0,0.0,0.0,0.0,0.0,0.0,0.0,0.0,0.0
32031980200,31.0,,1.0,,1.0,,1.0,,1.0,,1.0,,1.0,,1.0,,1.0,,1.0,,1.0,,1.0,,1.0,,1.0,,1.0,,1.0,,1.0,,1.0,,1.0,,1.0,,1.0,,1.0,,1.0,0.0,0.0,1.0,,0.0,0.0,70.34921,0.0,0.0,0.0,0.0,0.0,0.0,0.0,0.0,0.0,0.0,0.0,0.0,0.0,0.0,0.0,0.0,0.0,0.0,0.0,0.0,0.0,0.0,0.0
32031980300,31.0,0.05798,1.0,0.9925,1.0,0.06886,1.0,0.01609,1.0,0.03532,1.0,0.0416,1.0,0.0,1.0,0.13305,1.0,0.0,1.0,0.75863,1.0,0.0,1.0,0.0,1.0,0.0,1.0,0.12834,1.0,0.0,1.0,0.00471,1.0,0.0,1.0,0.0,1.0,0.01727,1.0,0.00667,1.0,0.00353,1.0,0.0,1.0,0.0,0.0,1.0,3e-05,2e-05,12.0,269.51661,0.04452,0.0,0.0,0.0,0.0,0.0,0.0,0.0,0.0,0.0,0.0,0.0,0.61728,0.66667,1.0,0.8,0.0,0.87097,1.0,1.0,1.0,0.0,0.0
32031000101,,,,,,,,,,,,,,,,,,,,,,,,,,,,,,,,,,,,,,,,,,,,,,,,,,,,,,0.10938,0.03057,0.0,0.20016,0.07691,0.48781,0.42996,0.46265,0.27806,0.3825,0.0,,,,,,,,,,,
32031000102,,,,,,,,,,,,,,,,,,,,,,,,,,,,,,,,,,,,,,,,,,,,,,,,,,,,,,0.08416,0.06034,0.09111,0.0,0.03838,0.31294,0.35814,0.47803,0.3426,0.24299,0.0,,,,,,,,,,,
32031000300,,,,,,,,,,,,,,,,,,,,,,,,,,,,,,,,,,,,,,,,,,,,,,,,,,,,,,0.05706,0.05646,0.0954,1e-05,0.09545,0.67725,0.59718,0.72663,0.71771,0.58279,0.0,,,,,,,,,,,
32031000400,,,,,,,,,,,,,,,,,,,,,,,,,,,,,,,,,,,,,,,,,,,,,,,,,,,,,,0.08805,0.04748,0.03009,0.04664,0.08689,0.76252,0.70633,0.75476,0.65936,0.67457,0.0,,,,,,,,,,,
32031000700,,,,,,,,,,,,,,,,,,,,,,,,,,,,,,,,,,,,,,,,,,,,,,,,,,,,,,0.0687,0.01736,0.05718,0.00819,0.11075,0.57541,0.63933,0.53847,0.51225,0.42267,0.0,,,,,,,,,,,
32031001008,,,,,,,,,,,,,,,,,,,,,,,,,,,,,,,,,,,,,,,,,,,,,,,,,,,,,,0.05492,0.01344,0.09355,0.0,1e-05,0.51232,0.54543,0.6156,0.49341,0.33333,0.0,,,,,,,,,,,
32031001009,,,,,,,,,,,,,,,,,,,,,,,,,,,,,,,,,,,,,,,,,,,,,,,,,,,,,,0.09091,0.04729,0.11428,4e-05,0.06672,0.65504,0.65199,0.66039,0.72729,0.46871,0.0,,,,,,,,,,,
32031001202,,,,,,,,,,,,,,,,,,,,,,,,,,,,,,,,,,,,,,,,,,,,,,,,,,,,,,0.07595,0.00732,0.08015,0.01637,0.0484,0.58585,0.61683,0.5345,0.62067,0.51025,0.0,,,,,,,,,,,
32031001502,,,,,,,,,,,,,,,,,,,,,,,,,,,,,,,,,,,,,,,,,,,,,,,,,,,,,,0.04445,0.01466,0.01571,0.00609,0.0372,0.51949,0.58136,0.4407,0.63674,0.5151,0.0,,,,,,,,,,,
32031001702,,,,,,,,,,,,,,,,,,,,,,,,,,,,,,,,,,,,,,,,,,,,,,,,,,,,,,0.0773,0.01915,0.07436,0.01742,0.0605,0.63087,0.67669,0.60038,0.63183,0.50263,0.0,,,,,,,,,,,
32031001902,,,,,,,,,,,,,,,,,,,,,,,,,,,,,,,,,,,,,,,,,,,,,,,,,,,,,,0.05688,0.01914,0.0382,0.0,0.1229,0.58185,0.61178,0.63335,0.56567,0.37577,0.0,,,,,,,,,,,
32031002205,,,,,,,,,,,,,,,,,,,,,,,,,,,,,,,,,,,,,,,,,,,,,,,,,,,,,,0.06182,0.01224,0.0,0.01803,0.04216,0.62026,0.60406,0.58939,0.63826,0.68857,0.0,,,,,,,,,,,
32031002206,,,,,,,,,,,,,,,,,,,,,,,,,,,,,,,,,,,,,,,,,,,,,,,,,,,,,,0.08592,0.03938,0.04407,0.07747,0.04501,0.71422,0.66791,0.70093,0.65895,0.47864,0.0,,,,,,,,,,,
32031002209,,,,,,,,,,,,,,,,,,,,,,,,,,,,,,,,,,,,,,,,,,,,,,,,,,,,,,0.08417,0.03659,0.05921,0.07769,0.03344,0.80106,0.80373,0.65906,0.69448,0.76915,0.0,,,,,,,,,,,
32031002301,,,,,,,,,,,,,,,,,,,,,,,,,,,,,,,,,,,,,,,,,,,,,,,,,,,,,,0.12678,0.13984,0.1571,0.12224,0.04652,0.84799,0.78531,0.83865,0.7063,0.63554,0.0,,,,,,,,,,,
32031002410,,,,,,,,,,,,,,,,,,,,,,,,,,,,,,,,,,,,,,,,,,,,,,,,,,,,,,0.06796,0.02398,0.04365,0.0358,0.0,0.66088,0.64488,0.62176,0.78871,0.6666,0.0,,,,,,,,,,,
32031002617,,,,,,,,,,,,,,,,,,,,,,,,,,,,,,,,,,,,,,,,,,,,,,,,,,,,,,0.08332,0.03249,0.10862,0.04792,0.0444,0.71028,0.70019,0.54774,0.68163,0.56667,0.0,,,,,,,,,,,
32031002619,,,,,,,,,,,,,,,,,,,,,,,,,,,,,,,,,,,,,,,,,,,,,,,,,,,,,,0.07649,0.04515,0.04175,0.01595,0.08,0.65212,0.63582,0.62477,0.66119,0.53695,0.0,,,,,,,,,,,
32031003000,,,,,,,,,,,,,,,,,,,,,,,,,,,,,,,,,,,,,,,,,,,,,,,,,,,,,,0.06122,0.01493,0.06247,0.01219,0.03568,0.65068,0.68716,0.50007,0.62594,0.5384,0.0,,,,,,,,,,,
32031003101,,,,,,,,,,,,,,,,,,,,,,,,,,,,,,,,,,,,,,,,,,,,,,,,,,,,,,0.10977,0.03253,0.12203,0.03563,0.06542,0.59798,0.62674,0.58582,0.62403,0.38199,0.0,,,,,,,,,,,
32031003202,,,,,,,,,,,,,,,,,,,,,,,,,,,,,,,,,,,,,,,,,,,,,,,,,,,,,,0.08174,0.01135,0.23943,0.0716,0.0,0.79385,0.75701,0.58198,0.75231,0.29317,0.0,,,,,,,,,,,
32031003204,,,,,,,,,,,,,,,,,,,,,,,,,,,,,,,,,,,,,,,,,,,,,,,,,,,,,,0.10288,0.09587,0.0,0.16933,0.0,0.81963,0.66873,0.84611,0.66184,0.43249,0.0,,,,,,,,,,,
32031003309,,,,,,,,,,,,,,,,,,,,,,,,,,,,,,,,,,,,,,,,,,,,,,,,,,,,,,0.22999,0.08488,0.34515,0.23394,0.0,0.68192,0.65516,0.40804,0.64608,0.36877,0.0,,,,,,,,,,,
32031003504,,,,,,,,,,,,,,,,,,,,,,,,,,,,,,,,,,,,,,,,,,,,,,,,,,,,,,0.08425,0.04739,0.05128,0.03164,0.09754,0.78754,0.73618,0.72222,0.71817,0.81975,0.0,,,,,,,,,,,
32031003509,,,,,,,,,,,,,,,,,,,,,,,,,,,,,,,,,,,,,,,,,,,,,,,,,,,,,,0.07028,0.01878,0.05218,0.0265,0.13608,0.73696,0.72653,0.65746,0.72298,0.61682,0.0,,,,,,,,,,,
32031003515,,,,,,,,,,,,,,,,,,,,,,,,,,,,,,,,,,,,,,,,,,,,,,,,,,,,,,0.07645,0.04027,0.07771,0.05509,0.04853,0.794,0.76252,0.75412,0.68712,0.7035,0.0,,,,,,,,,,,
